0 956 12428 9.442434223041732e-11 1.4429891250001674 [-3.643640339316604e-06, -1.8031877418605332e-09, -7.553816597430264e-08, 1.2294549520136698e-08, 3.194269574550385e-08, 3.139836099783431e-08, 5.139974209695768e-09, 2.2277013888308347e-09, 1.2163499939978976e-08, -8.299106827320096e-09]
0 1224 15912 8.05988437329812e-11 1.6222634389996529 [4.7024943728958515e-07, 1.8110863222829892e-08, -1.0225453745441727e-08, 4.305096004933249e-08, 1.0534707871870495e-08, 1.7749394296586938e-08, -4.996434097202289e-08, -3.4260777772045603e-09, 3.04838760855105e-08, -4.345527978374341e-08]
0 896 11648 9.891206701899828e-11 1.1572462280000764 [-2.297039818729524e-07, 2.168267101470001e-08, 7.285247366859483e-10, 6.337574589188219e-08, -2.2851934992425832e-08, 3.7381170127831926e-08, 4.4435420978080414e-08, 4.134804427323027e-09, 1.3752334125876485e-08, 3.603447543547353e-08]
0 1021 13273 8.964074357706165e-11 1.3103586130000622 [-9.113715535010258e-06, -4.994410296930587e-09, 2.7840203779814503e-09, 2.0347953367177632e-08, 1.8589412418723985e-09, -6.500041058849389e-10, 3.01609096480576e-09, -1.1312664259971394e-09, -6.0379418439503274e-09, 1.2674686759900433e-08]
0 1240 16120 9.907190402263603e-11 1.682065588000114 [-9.817408595808715e-06, -5.3305941802906315e-09, 7.89177672385545e-09, -1.2306341232096656e-09, -1.8193817185782608e-09, -5.124580521777605e-09, -4.469444589861454e-09, 1.7708173419334578e-09, -1.069727486354307e-08, 3.116812501542501e-09]
0 1082 14066 5.041245197269572e-11 1.4220264219993624 [1.4975479750630401e-06, 9.543902567943404e-09, -3.437449645569249e-08, 2.632019400002734e-10, 5.691413282936125e-09, -1.0948597156739895e-08, -4.2390529969998935e-08, 2.748799183108118e-08, 2.6318589787384295e-08, 1.211362811632714e-08]
0 955 12415 4.382951706082753e-11 1.2943706519999978 [2.7956385465935607e-07, -8.82653940412928e-09, -3.91590769163144e-08, 6.805688065209307e-09, -2.862257264855421e-08, 1.7006583220234103e-08, 8.371308544732095e-09, -7.417370175984859e-09, 1.0940720535067542e-08, -3.693516654374923e-08]
0 1419 18447 9.325119039439769e-11 1.8774665549999554 [-6.467103535123913e-06, 4.468383500424551e-09, 8.164806879567448e-09, 1.6257079902534533e-08, -4.417820776473143e-09, -9.135705933354586e-09, 1.0677334695337796e-08, 1.2157795780613181e-08, -4.740738964615163e-08, -4.668615132754555e-08]
0 1280 16640 9.808728666808763e-11 1.6385712609999246 [-8.060149598806966e-06, 2.212011328811454e-08, 1.6108101307045685e-08, -2.1587437182532778e-08, 2.8241443405754894e-09, 3.5283532985733954e-08, -9.533619802157485e-09, 1.4284642885362854e-09, -2.690503229955003e-08, 5.2559543928542055e-09]
0 945 12285 9.667452279929111e-11 1.3200608269999066 [-1.1015069392852386e-06, 1.1687999931231584e-08, -2.4113458026908396e-08, 5.4983491963504455e-08, 1.2361996218364188e-09, -1.6966618835145918e-08, 5.2921870834731925e-08, -4.33739702139435e-09, 2.4016490777664203e-08, 4.603416490223343e-08]
0 1678 21814 7.91070376993519e-11 2.117583229000047 [-2.5011607068232545e-06, 5.650058230471153e-09, -1.1822778539802164e-08, 1.0807099008516095e-08, 2.6390919504257836e-08, 3.495094263469757e-08, 7.068529435046929e-10, -2.26957128623103e-09, 6.340887880924825e-08, 3.2438297000977755e-08]
0 764 9932 9.87752157298898e-11 0.9843417359998057 [-1.8060574308962196e-06, -4.901881246254037e-08, 1.2982062609729226e-08, 1.8989960938506365e-10, -6.663631235467253e-08, -2.8342131618255743e-09, 4.6250695185549833e-08, -1.1958118529193838e-08, -1.074025558528244e-08, -1.1576521908540888e-08]
0 894 11622 9.937697406985355e-11 1.1323163460001524 [-2.4875213381345736e-06, 5.797500806997799e-09, 1.7276726349006723e-08, 1.94764270891054e-08, -3.3772307273111224e-08, -3.8290552730728856e-08, -1.5177378105386224e-08, 6.224982132773092e-08, 2.7734835787303403e-08, 3.355807384972948e-08]
0 1110 14430 8.024174256835481e-11 1.4091571389999444 [2.860219550792369e-07, 3.07412325599091e-08, -9.050673162835438e-09, 5.833608403271675e-08, -1.3041061207750193e-08, -1.9691581850425163e-08, 2.4369898727616654e-08, -8.280474166065507e-09, -4.774735351164973e-08, -9.266119992195798e-09]
0 1021 13273 9.991843427531837e-11 1.3043694010002582 [-8.410830668856161e-06, -1.3505288030335798e-09, 1.2885410639084962e-08, 1.0151997976787143e-08, -2.4624335913546878e-08, 4.0646161711831805e-08, 6.4468291417579375e-09, -1.1535332628746955e-08, 1.360194267045678e-08, 5.348704971441097e-09]
0 1412 18356 9.512216842634202e-11 1.7945981240000037 [4.926194187188131e-06, -8.934931594757192e-09, 1.7048740338025365e-08, 4.347463743351336e-08, 1.8045156186694442e-10, -6.280196676680559e-08, -1.7811682760062435e-08, 2.0524016382136443e-08, -2.6493551638817617e-09, -1.1632338949021104e-08]
0 814 10582 8.483646740504071e-11 1.0513405309993686 [6.306515004457312e-06, -2.9257454256769244e-08, -3.559995849449901e-08, -9.943460520266509e-09, 2.4915409412931794e-08, -8.567988094594382e-09, -7.249212975793224e-09, -3.268955898922925e-08, -6.341537049774535e-10, -2.1643866476234976e-08]
0 1071 13923 6.928010742900541e-11 1.397504155000206 [9.804944898572081e-07, -5.919052602741207e-09, 1.0462310277458153e-08, 1.3607287917150802e-08, 2.1898918560851777e-11, -7.090639554724425e-09, -4.126988457019861e-09, -3.1533902188884555e-09, 7.999004223972743e-08, 5.153637933775763e-09]
0 1304 16952 7.364780132327952e-11 1.6531820870004594 [1.016378824459167e-06, -1.2854155249777887e-08, -1.825683362043453e-08, 1.110247625646626e-08, 6.714778814161227e-09, 5.800801928046652e-10, 5.2363330127316056e-08, 2.7984423549081022e-08, -4.107786454320686e-08, -3.717269528043593e-08]
0 826 10738 9.973760075641105e-11 1.0680756580004527 [-6.060003860584509e-06, 2.7483950672963816e-09, -6.029874183586824e-08, 2.6309661706622962e-08, -2.888858804709343e-08, 3.309458534480976e-08, -2.5307205250944114e-09, -4.096938369964058e-09, -1.1800607721031608e-09, -3.364678699487235e-09]
0 647 8411 2.913359867208648e-11 0.829551296000318 [-1.9375933389607125e-06, -1.8269309368020538e-08, -1.4327280792321241e-08, -2.9964707647149516e-09, -1.1864422539535372e-08, -3.508031884417633e-08, -1.343571087636807e-08, 2.008673173243648e-08, 4.350165606415907e-09, 3.950094189601849e-09]
0 1056 13728 9.149257617074265e-11 1.3919002729999193 [2.1461166102188775e-06, -1.84339942358583e-08, 3.0722358894475756e-08, 1.5548246151470323e-08, 3.7445135515956516e-08, -3.6652229043784034e-09, -3.802387228886354e-08, 1.4465366898571397e-08, 6.063156658339074e-08, -2.0406663770440867e-08]
0 865 11245 5.85828026902808e-11 1.1011801219992776 [2.845790406563155e-06, 1.6121968006093873e-08, -3.587901479780458e-08, 4.12668467962893e-08, 3.2144214317317007e-09, 2.26340522582864e-08, 1.4792239113659734e-08, -1.5949707394455809e-10, -3.2500727840293487e-08, 6.984634762522778e-10]
0 970 12610 9.859123557020523e-11 1.2239721380001356 [-1.1408126169242836e-06, 1.2310937811145721e-08, 6.406261033744509e-08, -1.1706530223682953e-09, 6.200829176100258e-08, 9.403517828245883e-09, 2.5753451164028755e-08, 1.0319349865521812e-08, -1.208658683123375e-08, 2.4955186803415903e-08]
0 854 11102 9.825364043654664e-11 1.0896832199996425 [-5.588338411013867e-06, -4.619241979867346e-09, -8.277317188516244e-09, -4.464160843023812e-09, -1.8628335131078826e-09, 7.171696621322547e-08, -3.3845305278518996e-08, 7.2858775458573915e-09, 4.901107501195036e-09, 1.4940828907359057e-08]
0 1170 15210 9.981632346174075e-11 1.4938070030002564 [9.787275066803696e-06, -4.137201046835791e-09, 4.537528120347243e-09, -1.7119563164361013e-08, 6.543298713071994e-10, -4.312042922566044e-09, -3.4106307181453127e-09, 4.1888612909980746e-09, 1.527297017406286e-09, -4.608527663606247e-09]
0 1433 18629 9.731034900313715e-11 1.8007694510006331 [3.799123985501787e-06, -4.512801451494416e-08, -1.9122122385357924e-08, 5.374899811509731e-08, -4.83797094882711e-09, 1.6575443750189665e-08, 2.448809012795937e-08, 1.3291691034098526e-08, -1.8417449540282552e-08, 3.978521311978379e-08]
0 1078 14014 9.753102628501834e-11 1.6399416320000455 [-9.775034784453213e-06, -4.531982452216056e-09, -1.1708180979363326e-09, -6.08793996965412e-09, -3.2105450540069145e-09, 2.184091207772384e-09, -1.0843043947001518e-08, 1.1169623545981018e-09, -4.7921193315790815e-11, -2.258334432364206e-09]
0 1099 14287 5.418381341153845e-11 1.6189316270001655 [-4.86329940045322e-06, -5.586128918088651e-09, 1.1699263351640718e-08, 8.47103201064252e-09, -8.569139499511241e-10, 5.2844116380778285e-09, 1.2050937033791506e-08, 2.161233236234148e-08, 2.5134158570727103e-09, 4.654119349610109e-08]
0 1980 25740 9.319203710804308e-11 2.7111250650004877 [9.487554090491364e-06, 2.074355073511603e-09, 6.63037053153323e-09, 2.0816452024841527e-09, 9.406724737036076e-10, 1.2725139558541563e-10, 1.0267349431813916e-08, 6.167951295116073e-09, 1.0301295044015244e-08, 3.841564129454053e-09]
0 991 12883 8.163926356353028e-11 1.2764764710000236 [-5.204209471712372e-06, -1.1812075586221232e-08, -3.672173847469204e-08, -2.4447073957773327e-08, 2.4580819326474283e-09, 2.378373244406902e-08, -4.15497383667495e-09, -1.9949919801245033e-08, -4.5976252549022e-08, -1.6403935521153096e-08]
0 778 10114 9.954879412025156e-11 0.9765913860001092 [5.978147246455964e-06, -1.9070262408848744e-08, -3.388631438147045e-09, -3.012584417261531e-08, 8.540024450877441e-09, 6.660051110048012e-08, 9.186252279126448e-09, 5.607627748231097e-09, 2.1766349568619236e-08, 4.049118509336593e-10]
0 1261 16393 9.1421618778886e-11 1.6061947279995366 [-1.6599320712553e-06, 2.6223727364071615e-08, -1.220447080247763e-09, -7.315661553172494e-08, -3.399100888412455e-09, -4.618890699877509e-08, -3.3203178840860688e-09, -1.7163213976548164e-08, -4.040486179398575e-09, -1.8938471315282394e-08]
0 2342 30446 9.951025649918126e-11 2.9656744590001836 [1.8593289281915917e-06, 9.092456454592902e-08, 2.2085587932071575e-08, 1.1985983907944705e-08, -2.8598727444627405e-09, -8.748102424288257e-09, -8.588473394882979e-09, -1.1331531290556067e-08, 1.5984053902167777e-08, 1.281554436035787e-08]
0 662 8606 9.948651981788448e-11 0.8300981239999601 [1.3393273023246832e-06, -2.868173585388893e-08, 1.1282975544440353e-08, 1.4625263095808464e-08, 3.3230442758345146e-08, -4.3919385393476124e-08, -1.817914174657335e-09, -2.044787974026852e-08, -5.387160202623001e-08, 4.7420265163905956e-08]
0 1434 18642 9.559121681106757e-11 1.8383816760006084 [-9.795020426466856e-07, 2.4237844365308183e-08, 2.9093055358914854e-09, 6.8554557257300135e-09, 6.012285830124015e-09, -5.873809697684304e-09, -8.214684127035736e-08, -4.3456988371523314e-08, -9.316620120830813e-09, -5.116915457846628e-09]
0 650 8450 9.975081821078869e-11 0.8496972600005392 [5.153270810053428e-06, -1.1532342773866839e-08, 1.927454980627883e-08, -2.1438824615613303e-08, -2.8217898231627847e-09, -9.2771050763849e-09, -6.155893184046023e-08, 3.5540805534772995e-08, -6.439090136226752e-09, -3.416424169113763e-08]
0 1052 13676 8.883342829647813e-11 1.3471868289998383 [-6.995772560566128e-06, -5.102043461761463e-10, -2.0642044918205964e-08, -1.736442220310173e-08, 1.780661016587534e-08, 6.950680939563264e-10, 2.154343646878465e-08, 2.1565879683223076e-08, 4.2429664057973796e-08, -1.4640364533717602e-08]
0 1113 14469 9.332948699157315e-11 1.4209472479997203 [1.8825787343202248e-06, 5.849452835273185e-09, -1.821643414034429e-08, -5.7767819498311895e-08, -3.879879214469692e-09, 4.920854083558409e-08, -9.91895553188973e-09, 2.74170596067102e-08, -3.3441301887599004e-08, -2.9503007085201497e-08]
0 1015 13195 9.895192222105279e-11 1.3041145699999106 [4.555519947417271e-06, -7.485171890169135e-08, 8.059759293193023e-10, 1.1440460532417147e-08, 2.4101755260872116e-08, -4.852773473116701e-09, 1.1304968155378345e-08, 2.6815428252238858e-08, -1.6074147335638813e-08, -1.9388417653178537e-08]
0 926 12038 9.706431557998552e-11 1.1758886640000128 [-1.5415988155636524e-07, -4.712940154856278e-08, -1.4872745857280537e-08, 7.139274869803764e-10, -4.676968179357198e-08, -4.0706023713619115e-09, 1.6308835753612255e-08, -5.759901900556122e-08, -3.5909269685200325e-08, -1.3568071965807958e-08]
0 1649 21437 9.774936009321544e-11 2.0836126750000403 [1.1198756140329709e-06, 2.213188071673987e-09, -2.696780085082791e-08, 4.899305823617537e-08, -1.2619711065845185e-08, 5.793065010876118e-09, -2.9435950263035726e-08, 5.312997417101813e-08, 3.2260492978622007e-09, 5.123036407979481e-08]
0 1399 18187 8.740156242688629e-11 1.9727730949998659 [-8.286074974235707e-06, 2.9435485800539844e-09, -1.3623698744372905e-08, 1.564417256082976e-09, -3.496021577548028e-08, -1.6537482374491513e-08, 2.83694445560853e-10, 6.503418658898796e-10, 1.2995741600808688e-08, -3.526699669760296e-09]
0 735 9555 9.816613194639838e-11 0.9605355530002271 [-2.5777695355534105e-06, -5.283370376436648e-09, 3.238354247193927e-08, 1.0755916496447943e-08, -3.387169797854619e-08, 2.479714134935699e-08, 4.224024165963337e-08, -2.340026921443275e-10, 6.618659045530773e-08, -5.716500649822478e-09]
0 810 10530 4.827616364874465e-11 1.0238919499997792 [2.799936850709472e-08, 2.490175497699514e-08, -1.6070464128416786e-08, -2.5995072876284792e-08, 1.5795567067548425e-08, -4.18801337019108e-08, 5.4981155278208594e-09, 1.147346275597919e-08, -1.2585707722316318e-09, -3.326466257301024e-08]
0 1329 17277 7.819802067447088e-11 1.696397120000256 [-4.908692855079946e-06, 3.866992404450763e-09, 6.194490559786682e-09, 9.721205133318634e-10, -1.1078325876727268e-08, 4.50767208791366e-08, 1.695754830413499e-08, 3.460085307409915e-08, 3.214888987846591e-08, -2.6134966677714354e-08]
0 1119 14547 8.873445893808921e-11 1.433460262999688 [1.7094009572603973e-06, -1.8099143119385904e-08, -5.407996232270341e-09, -4.740478820108209e-09, 1.637350928089849e-08, -1.2407066519646952e-08, -1.6488220795635014e-08, -7.423154047359444e-08, -8.961992264705942e-09, 4.378830607544353e-08]
0 1235 16055 9.867865120292391e-11 1.5584433570002147 [1.4672121453340832e-06, 1.681882126392256e-08, 1.915300776328658e-08, -7.225193767196942e-09, -5.011424420417039e-09, -1.3399680645138755e-08, 2.6911259665975642e-09, -4.332238772659682e-08, -8.274611163675372e-08, -3.876060870513356e-09]
0 1277 16601 9.995703837688685e-11 1.6058525369999188 [-8.091216997901605e-07, -5.696037969298818e-08, 4.776300234225735e-09, 6.679164167662327e-09, -5.267535948230412e-08, 1.1105348134928698e-08, 2.3957724477458827e-08, -4.7351240246281575e-08, 2.7050709628373624e-08, 1.3132069613000854e-08]
0 2170 28210 9.799354809090963e-11 2.738189639000666 [-6.662687688292008e-06, -2.0148656850312067e-08, -5.1243734446730785e-09, -1.473967076578329e-08, -3.6608579223509974e-09, 1.9062928986943233e-09, -1.6232775755266164e-08, 2.0706819987634312e-08, -2.4983159193737373e-08, -5.811419048906611e-08]

