0 885 11505 9.827411008723572e-11 1.2008301940004458 [1.989819329132578e-06, 4.3568980630710354e-07, -7.328398523363868e-07, 1.8856416130930346e-06, -9.649743935739022e-08, -1.2418914445108673e-07, 5.708461434237649e-07, -7.164149000243945e-08, 6.899487769737827e-08, -3.175376789524543e-08]
0 613 7969 7.868179611963262e-11 0.7818661520004753 [-6.855168576182257e-06, -5.503565166596732e-06, -1.6218444336047133e-06, 1.0898055062330081e-07, -5.81967829260719e-07, 2.656461941488725e-07, -9.593145350139768e-08, 8.068597633023817e-08, -3.273180110856298e-08, -4.293550396249448e-08]
0 629 8177 9.171815490399775e-11 0.8295040400007565 [-8.807607712483086e-06, 1.1880112386291881e-07, 1.059215892455839e-06, -8.847825941605347e-07, -7.293359858210277e-07, 3.827374743991512e-07, -5.590802757345202e-08, -2.5340602940433524e-07, 5.3661344209772835e-08, -9.927912579706914e-09]
0 913 11869 9.066530340757012e-11 1.1802352910008267 [-3.180059555001705e-07, -7.814565015878678e-06, 1.2209283453747454e-06, 8.458181064425669e-07, -4.3373707102150226e-08, -4.309780388583384e-07, 1.8995844511184807e-07, -2.622934529156896e-08, 4.0397942020862584e-08, 8.385478155703475e-09]
0 935 12155 9.772187079981184e-11 1.2085303109997767 [-1.3152219071125666e-05, -1.4023500269623128e-06, -2.8424686420898014e-06, -1.283665255696535e-07, 6.391835647452112e-07, 1.0614691143177708e-07, -1.9258579836549203e-08, -5.966986037553717e-09, -1.818575623759792e-08, -1.6651835496405055e-08]
0 865 11245 9.080277964022652e-11 1.122133472999849 [6.403135803209873e-07, 2.198916465272699e-06, 4.406266997922316e-06, 1.0193997750883433e-06, -2.416807860002851e-07, -3.4397881210745705e-07, -2.112266792005488e-07, -1.1963649677935107e-07, -7.35896663630959e-09, -1.8596343391684714e-08]
0 817 10621 9.926767429764971e-11 1.0427621670005465 [-1.8413477570591834e-06, 8.796245849602673e-06, -9.245560858753682e-07, 6.146227418051098e-07, -3.182061930204957e-07, -3.1465116546287107e-07, -1.2136451406221376e-07, 1.5967367720314527e-08, -1.6424377481753152e-08, -3.4716433570612666e-08]
0 746 9698 9.075883767701083e-11 0.9620325000005323 [7.195268139652384e-06, -2.856950232010168e-06, 4.422311153278463e-07, -2.4443762411080996e-06, -5.840395293245994e-07, -9.552551153908504e-08, -1.1443735875394308e-09, 4.4172464964020846e-08, -4.546973789279007e-08, 3.986919178731018e-08]
0 723 9399 9.783108809423351e-11 0.9377362120003454 [-3.4768806958467908e-06, 2.1731096905272558e-06, 1.1805689129782609e-07, 1.4655901398348618e-06, -1.6420403123248808e-06, 1.4616135334868871e-09, 1.581666685026836e-07, -3.841895751297717e-09, -1.0682829436629264e-09, -5.228153352726282e-08]
0 770 10010 9.282200057651912e-11 0.9940252880005573 [1.0263686623203008e-05, -5.697502964620609e-07, -1.656811955704775e-07, -1.1584356362412075e-06, 3.1621869573222206e-09, -3.411492225717979e-07, -7.295552715019656e-08, 2.299293161969377e-07, -2.248267523774863e-08, 5.5614087903050375e-08]
0 651 8463 9.511499954847273e-11 0.8577735740000207 [-8.454311351061495e-07, -8.397413391696952e-06, -7.367081710083062e-07, -2.6501074911526105e-07, 1.8937640470175306e-07, -2.9097231866871203e-07, 1.8745940354467855e-07, 2.7920681243545487e-08, 8.20729468211081e-08, 2.0537747221082664e-08]
0 718 9334 6.84568834652222e-11 0.9442434070006129 [1.09857899874188e-05, -1.3519461042712353e-06, -2.6138664243673623e-06, 1.6087423808121755e-07, 4.623390505644583e-08, -2.0952648506360763e-07, -6.343488555571838e-08, -1.6234994528367497e-08, 2.044145469803778e-08, 3.051779270709775e-09]
0 773 10049 6.747945193915806e-11 0.9955261479999535 [-1.4739924193638985e-08, 5.836180801927544e-06, -1.7413612459133852e-06, 1.0644325121029546e-06, 4.237553066711592e-08, -2.006017522165491e-07, -6.37358701151273e-08, -9.733720689428575e-08, -6.359237258036567e-08, 3.1022926495964904e-08]
0 780 10140 9.92583695555947e-11 1.0125428399996963 [-4.156823939857386e-06, 4.491406506502887e-06, -6.804428472283389e-07, -2.221142781420207e-06, -2.997547076665131e-07, 4.747587543366527e-07, -3.1175159020335634e-08, 7.610295328520768e-08, 9.423526722417808e-08, -3.1745361168649775e-08]
0 890 11570 8.541219826491216e-11 1.2200345299997934 [-2.232935995089792e-06, -9.329552765873636e-07, 2.75392035019117e-06, 9.68855531867251e-10, -1.9037712148309185e-07, 1.5325648858504203e-07, -2.3343516943005467e-07, -3.0591441663154527e-07, 7.317228895419363e-08, 2.056744591315746e-09]
0 838 10894 5.7511079621767736e-11 1.0764494220002234 [-1.1361683836410277e-05, -3.1328065178550775e-07, 1.0795678032993743e-08, 9.838420181745493e-07, -8.125982275556337e-08, -9.809752593877075e-08, 6.292975134286396e-08, -6.624777113420073e-08, 9.110012729052849e-09, 8.124779011870565e-10]
0 909 11817 8.757353709472267e-11 1.1722480660000656 [4.785632805634838e-06, 4.479930292307546e-06, -7.395724927809934e-07, 2.253472462697344e-06, 4.7645029986070134e-07, -1.6341984384739286e-07, 8.349055389356e-08, -1.1120729520075743e-07, -5.981464850993344e-08, 1.077631357212135e-08]
0 740 9620 9.792954369758162e-11 1.1633882309997716 [-1.3948633776565455e-05, 2.5857452115715565e-06, 9.462594558482259e-07, -3.7021579435443324e-07, 4.857694039248098e-07, -9.671280411151962e-08, 1.3194848185168224e-07, 3.357914767261867e-08, -1.744544491263689e-08, 4.8065246759275245e-08]
0 685 8905 8.878928252614021e-11 0.9568098440004178 [3.1346878288326674e-06, -7.11275980082965e-06, -2.4958673556823727e-06, 8.299541855604846e-07, 3.769943304112655e-07, 2.021967519965708e-07, -1.4330203354796518e-07, -6.489066216427471e-08, 1.548342516495682e-08, -1.489353723581385e-08]
0 678 8814 9.917504746494371e-11 0.8949751050004124 [5.413151898295846e-06, 1.2096659331225457e-07, -1.648398991319778e-06, 4.753061317772082e-07, 1.075704057119429e-06, -1.1457198319805837e-07, 2.1415982891344797e-07, -9.11094708510073e-09, 1.874692898746238e-07, 1.2059477387288432e-08]
0 971 12623 9.950641322723364e-11 1.2408298919999652 [-1.5252384739145655e-05, 9.031498324893508e-08, -1.0248990397120211e-06, 2.6579956543284235e-08, 4.18906956006785e-07, 1.1557828668888767e-07, -3.598347166125306e-08, 1.18761740616015e-07, -4.922473333039238e-09, -2.1032253392728564e-08]
0 598 7774 9.89451524768073e-11 0.7803662179994717 [1.0717072422592347e-05, -4.3520092152738716e-07, 3.998401294741555e-07, -1.7603891305445044e-06, 4.51149866933331e-07, 4.727843827421689e-07, -2.385955075079164e-08, 5.913095752388452e-08, -2.1583631621819362e-08, -5.999399852449399e-08]
0 688 8944 6.28690250360375e-11 0.8852220409999063 [-8.131857054474181e-06, 2.7169012559855916e-08, 4.713356926557406e-07, -9.278420974690515e-08, 4.348286536817713e-07, -4.504264318769469e-07, 1.2011642449623056e-07, 8.379985720348376e-08, -8.477301938030753e-09, -6.76012306318354e-08]
0 701 9113 9.912694794894554e-11 0.9200215419996312 [3.1245498595958663e-07, -5.629895086120169e-08, 4.678443302781e-07, 1.3442112175712974e-06, 6.555126037991959e-07, 8.963910693764439e-07, -1.078461706950262e-07, -2.1878209223639716e-08, 2.7565556569504654e-08, 8.158126319167983e-08]
0 786 10218 8.064074485193604e-11 1.025090951000493 [-3.9515739462553226e-06, -2.8040800354580226e-06, -1.8097695249873418e-06, -3.110439079799851e-07, -1.3141091246715443e-07, 8.773215238972619e-08, -1.4502985978761455e-07, -1.322357055857125e-07, -1.229992817272471e-07, -8.391279240937709e-08]
0 856 11128 9.433651905144255e-11 1.0962152800002514 [4.160494288037838e-06, 4.1520677064440545e-06, 2.9373986084509392e-06, -7.9039428717426e-07, 5.28034706701598e-07, -2.4391648510440654e-08, -1.0682605385839675e-07, 6.784666782569555e-08, -1.5449104415514476e-07, 1.7664173348739145e-08]
0 729 9477 9.780798582915259e-11 0.9293414990006568 [1.4929322245198464e-05, 2.293600632653563e-07, 3.913375280411381e-07, 7.64642329323395e-08, 5.002144231387525e-07, 7.976673605635683e-08, -5.850888567018016e-09, 8.736817137971012e-09, -5.648568567331807e-08, -4.491261560876041e-08]
0 888 11544 9.881887469243675e-11 1.1364053460001742 [-6.5228837758587304e-06, -3.54070957656815e-06, 4.250373543684964e-06, 1.0615035687256361e-06, -1.0881878135997631e-07, -5.554421925082318e-08, 6.202988263301737e-09, -1.3100137437395433e-07, -6.181031268025214e-09, 3.1370581188614814e-08]
0 801 10413 5.522798615962058e-11 1.0390967799994542 [5.817367397994003e-06, -1.1974958123447363e-06, -1.587254688667401e-06, 5.831767973575492e-08, -3.175596747399413e-08, -7.181936809376599e-07, -2.8328121953100163e-08, 1.4998028911818847e-08, -3.112644377902947e-08, 2.4529541942170892e-08]
0 655 8515 6.452110292293105e-11 0.8525103189995207 [7.775146669411569e-07, 3.0889482127734492e-06, -2.990336379089688e-06, -4.25398758320682e-07, 1.291848656493592e-07, 3.6992012428299026e-07, -5.339308610765876e-09, -4.3685808297898705e-08, -3.353872000863392e-08, -6.992670988781534e-08]
0 769 9997 9.618427311039315e-11 0.9827167169996756 [1.3754417906319682e-05, -2.636276096922535e-06, -2.004025408062525e-06, -7.227407536569287e-07, 3.3057219413928434e-07, 1.7296900831978625e-08, 1.313721366815054e-07, 8.744284606116038e-09, -2.3779130542582342e-08, 1.552429157395809e-09]
0 641 8333 9.852199016835891e-11 0.8296091419997538 [-8.025622336759913e-06, 1.4889369510893043e-06, 7.462666917691955e-08, 2.9198718818288642e-06, 1.159404209280272e-07, -2.941372408558902e-07, -5.6435989482439927e-08, -3.4240246695914646e-08, 9.581156528405986e-09, 1.1318320289430942e-08]
0 704 9152 8.401663227482112e-11 0.9067028079998636 [3.881086921970044e-06, -2.7290603997334156e-06, -3.3925055734415127e-07, -2.732412391324177e-07, -4.132765654810007e-07, 9.350294977823491e-07, 1.2356047937120366e-07, 1.1239907670264902e-08, -9.109876122734192e-08, -1.5305578971988746e-08]
0 552 7176 8.360731323783061e-11 0.716897248999885 [-7.99531783716001e-06, -4.1317203649258734e-06, 2.55668152232397e-06, 5.03447996341165e-07, 1.0255984715121467e-07, 3.8936674238181433e-07, -1.1331949273155951e-07, -1.5161462978573418e-07, -6.94850853057136e-09, -1.8443687402699334e-08]
0 692 8996 9.012963012708394e-11 0.8882793749999109 [-4.453257183128104e-06, -2.6740365117447268e-06, -5.187593079806332e-07, -1.8542932737318822e-06, 6.134258609221239e-08, -3.520214511169858e-07, 1.613192799154664e-07, -7.148559755494262e-08, 1.16256243981509e-07, -6.837622632245078e-08]
0 687 8931 9.274764766602313e-11 0.8870931189994735 [1.671351824710253e-06, 3.962434080312717e-06, -1.5108404202169985e-06, 1.031981644382622e-06, 1.1452107981589257e-06, -3.897704282373249e-07, -3.116716483149461e-07, -8.227689742936907e-08, 5.544342900247467e-08, -1.4603028576863938e-08]
0 686 8918 9.49362013546721e-11 0.8858167629996387 [-6.815214810016823e-06, 3.5355033707817144e-07, 2.3489859134877816e-06, 5.452695834357946e-08, -8.003098757743148e-07, 5.935850003701845e-07, 3.0143684461291867e-07, 2.763556364100698e-08, 3.9166456747225614e-08, -5.360870169060514e-08]
0 535 6955 9.816087769193288e-11 0.6925763239996741 [4.778137763069296e-06, -2.1366447296351633e-06, 3.389023338523008e-06, 2.037058073636851e-07, -7.144268445635022e-07, 3.167295202689987e-07, -1.2508285298701523e-07, -1.537863762479595e-08, -9.404596083030964e-08, 7.816478616163827e-08]
0 785 10205 9.583320187684269e-11 1.0335808869995162 [-4.3079566832095447e-07, -6.422718545429973e-06, 1.900250355052339e-06, 1.4777807671900357e-06, 1.2992202311682318e-07, -2.9870749486397574e-07, -6.30871477072349e-08, -1.160507774262273e-08, 5.9306302909871925e-08, -6.791673913330483e-08]
0 825 10725 9.667525431950152e-11 1.094704393000029 [-1.237734615266533e-06, 7.742177274724384e-07, 5.037033611313097e-08, 9.524460926597001e-07, -1.9061933989911277e-06, -1.1993834232106802e-07, -1.2842993074346044e-07, 4.68474728649674e-08, -1.7184229435330294e-08, 3.802990797049189e-08]
0 792 10296 8.130976055556128e-11 1.0281555390001813 [2.615936859580534e-06, 1.568301440201591e-06, -4.671575863097672e-06, 4.667070109656477e-07, -3.5749262396360225e-07, -1.6576653872898125e-07, -1.1281322705400402e-07, 1.2018892145514206e-07, -9.364977897829294e-09, 1.3313937314806976e-08]
0 765 9945 8.138956551215298e-11 0.987096042000303 [-2.1963744687154455e-06, -1.0162134741705078e-06, 2.0380582389862745e-06, -4.770343823413245e-07, 4.901970218137531e-07, 1.6800231056663125e-08, 5.564367419406846e-10, -3.316889534393398e-08, 1.1693208606124191e-07, -1.0802714096120475e-07]
0 837 10881 8.902536538494984e-11 1.0597056279993922 [-1.2874797402678839e-05, 9.94103396599145e-07, 2.9037463885358127e-07, 1.3850364777573024e-07, 4.763758319500808e-07, 3.6922772830062284e-08, -2.535614501179446e-08, 6.678898666378841e-08, -2.661381709123872e-08, -7.463580690907436e-08]
0 616 8008 8.585369960003418e-11 0.7928804379998837 [-1.297764990788371e-05, 2.3297092638039094e-06, 2.534671390714359e-07, 2.5599650239617407e-07, -2.991462949826737e-08, -4.117556114983395e-07, 4.071636881825968e-08, -9.127572485524748e-08, 4.614207876906958e-08, 2.4383349403454428e-08]
0 881 11453 7.569856098730793e-11 1.3615490149995821 [-1.338918000904144e-05, 7.868592530069719e-07, 1.1304071220355148e-07, -3.854782952833643e-07, 1.3294564422917129e-07, -5.200641896124279e-08, -2.248471441152749e-07, 9.76426888442253e-09, 1.0088591133114256e-08, 9.363390076261964e-09]
0 617 8021 7.872475255047713e-11 0.9217678470004103 [-4.058988056727215e-06, -5.407380051702686e-06, 1.6410585209707867e-06, -1.8945601431823467e-07, -1.0500471318165278e-07, 3.967725791655735e-07, -3.346089877227129e-07, -1.1266832508345211e-07, -2.9662507098644048e-08, -1.0710826077046808e-08]
0 880 11440 9.747153177823531e-11 1.2287904660006461 [-3.481234719908217e-07, 1.1870383002100272e-07, -3.366684386899223e-07, -3.064024922016383e-06, -7.801772148526307e-07, 2.101753211756068e-07, -5.347974968444298e-08, 5.4550156499128735e-08, -4.890539467412493e-09, 4.3363650956341746e-08]
0 921 11973 8.195049294774318e-11 1.312064343000202 [-8.345424107703718e-06, -1.3813667852955858e-06, -2.335406365270116e-06, -7.783067725125532e-07, -3.280668106735669e-07, -4.171688455662707e-08, -9.503062786064028e-08, 1.9486487362635117e-07, 9.360552122991855e-08, -2.515971772191494e-08]
0 902 11726 9.890960546642374e-11 1.272284189999482 [1.6232193479150967e-05, -1.4281598279601085e-06, -1.5295568823295827e-07, 3.6483676425656384e-08, 1.2900102680234264e-07, 4.65438358969183e-08, 3.1397379980012516e-09, 3.964631505681509e-08, 2.1075310071881765e-08, -9.28758514491802e-09]
0 978 12714 9.864783375978094e-11 1.5370359360003931 [-1.4724721135348517e-05, -2.6802510373606805e-07, -5.2657740228020115e-08, -3.169436734572417e-07, 2.0571483828950682e-07, 1.5145432774694533e-07, -7.499209805503477e-08, -1.7892746962622438e-07, -1.8389557059051225e-08, -1.9371355891573853e-08]

