0 356 4628 6.792748745481334e-11 0.4955245930013916 [4.863389424342981e-06, -7.439925418803844e-07, 1.0503010929475403e-06, -3.2960382398119503e-06, -4.284724184854424e-06, -1.7579462490439698e-06, -7.644382506907015e-07, 1.2902005263122066e-06, 8.336823285525167e-07, 2.7131456979894823e-06]
0 492 6396 9.900297671697752e-11 0.6659837789993617 [7.147746708886394e-07, -9.737386432801703e-07, 5.996723739775713e-07, -7.585197803883883e-07, -1.7184514504458108e-06, 9.51512017408158e-06, 6.095206392015127e-07, -1.563309543169141e-06, 1.618821814386713e-07, 5.260251279804372e-07]
0 399 5187 8.320132916211333e-11 0.5232736699999805 [-2.122878536770311e-06, -2.9263408678099324e-06, 3.896565108755489e-06, -5.648344646642598e-06, 4.165779262267161e-06, -1.7913839285511189e-06, 7.383916376417393e-07, 1.3090391164220809e-06, -3.196290621107854e-07, -3.4711167364026386e-07]
0 325 4225 8.113236364351101e-11 0.4409676840004977 [2.057056791365459e-06, -1.0369588067670257e-06, -3.3140151955721065e-06, -5.39941896828386e-06, -3.7104993613521304e-07, -1.3837810362026323e-06, -4.244911407512204e-06, 3.6020439044723763e-06, -1.459191149872164e-06, 7.165302168304668e-07]
0 457 5941 9.3898137459569e-11 0.6688663059994724 [-2.40337818400982e-06, 9.662632858379812e-07, 1.2136663175945496e-06, 5.364118222707413e-07, 7.0674327912030875e-06, 4.6119429860956085e-06, 3.2818581834100956e-06, -1.478436494405307e-06, -6.791096697532156e-07, 8.895732349695523e-07]
0 418 5434 9.794574180971717e-11 0.5822779400004947 [-3.5861415764120154e-06, 1.668607664274545e-06, 1.5948779055706465e-07, 1.6714264833069766e-06, 5.453475330394318e-06, -3.3273760489052945e-06, 3.6931742569760812e-06, -3.44512220376123e-07, 2.8470256502419318e-06, 4.099557495190308e-06]
0 440 5720 9.326840419331552e-11 0.6426253089994134 [7.175970372378298e-07, 3.2852833850572547e-07, 9.98588406575728e-07, 1.2591147664964553e-08, 2.5828062449120307e-06, -3.476853246755118e-06, 8.88859372827323e-08, -2.4559252979130795e-09, 8.536055561261656e-06, -1.2900615847620979e-07]
0 540 7020 1.4898785319748053e-11 0.8075510599992413 [1.1977458758616857e-07, -6.991264921902943e-07, -2.1881702575482643e-07, 1.203337754678763e-06, 1.0399156163806883e-07, 1.3319155897756296e-06, -9.77634214127591e-07, 1.1753223599615246e-06, -6.243020976798997e-07, -2.896211503746504e-06]
0 334 4342 9.717133960347201e-11 0.48463963300127944 [9.511488008152684e-09, -2.052865560706391e-06, -3.108031140830459e-07, -1.1989035788843148e-06, 1.213797375200559e-06, -9.04673713190276e-06, 1.8200736697531201e-06, 6.129201347785451e-07, 2.0867247247845445e-06, -2.5200718994418864e-07]
0 514 6682 9.216263688195661e-11 0.7088379839988193 [1.3590632161937638e-07, -1.4516083146741672e-07, 1.4045331416484733e-06, -4.978164657615548e-06, 1.3023896570176292e-06, 8.028870432210632e-07, -3.1819532281970283e-06, 7.097575892501259e-06, -9.050780079091846e-07, -1.3068417895287002e-06]
0 426 5538 8.747706677669322e-11 0.6017129240008217 [3.2423733055415917e-06, -7.885790910741499e-08, 2.885703780730599e-06, -6.310918855285646e-07, 3.277134633599093e-06, 2.895731159120992e-06, -1.7754351439674464e-06, 1.8189857389735848e-06, 6.4071722418245966e-06, -1.2628122260266433e-06]
0 374 4862 8.15458439163608e-11 0.5416124029998173 [3.53821239676802e-06, -1.1943874601459825e-06, -3.0348402670486726e-07, 4.233723722190836e-06, -1.5413593661616998e-06, 1.8362107890482753e-07, -2.035680338604609e-06, -3.925003732483086e-06, 1.2517077762245375e-06, 5.104692933187699e-06]
0 398 5174 9.84307781103084e-11 0.5632347430000664 [2.3512001634969156e-06, 1.7170473815167308e-06, -2.8773180442304e-06, -2.451778072761513e-06, 2.776081915967665e-06, -1.9318331447640655e-06, 4.113448592773343e-06, -2.625244944395667e-06, 2.581319218549608e-06, -5.8094767398182885e-06]
0 331 4303 9.880202786681553e-11 0.5315518049992534 [-2.5027259570820375e-06, 6.164137787455806e-06, 2.7164827057581678e-06, 4.606516847563833e-06, -4.1561181018061956e-07, 2.455119349972505e-06, 1.6445115570403607e-06, -3.0266640419241367e-06, -1.5806077719011186e-06, 2.319211421662332e-06]
0 417 5421 8.789123897469731e-11 0.6480900110000221 [-4.4523663905630755e-06, -2.576273434714504e-06, -3.9656728425734815e-06, -1.8158315517703757e-06, 3.104904336996342e-06, 3.2784714490059516e-07, 2.1884149278739924e-06, -6.782269693128339e-07, 2.492379313578718e-06, -4.604091801454227e-06]
0 430 5590 8.289335848448044e-11 0.7175480980004068 [2.8613418799005536e-06, 2.5389854380335155e-06, 6.909258314766967e-06, -1.5794871573107258e-06, -2.1586848409723183e-06, 2.4958941692484517e-06, -6.980865212719042e-07, 1.0930018310610037e-06, -2.1967622613646063e-06, 7.936332669459525e-07]
0 382 4966 9.339077475810539e-11 0.5849784250003722 [1.3886051589043013e-08, 6.4920979893414875e-06, -2.528034115596997e-07, 6.849985949856337e-07, 9.227593262235408e-07, 8.549729880294273e-07, -1.746871356303006e-06, 2.1829030049437076e-06, -5.27358298686627e-06, -3.6742818106691696e-06]
0 426 5538 8.275518968061447e-11 0.6697057279998262 [7.3996406693360725e-06, 2.902952912692387e-07, 8.461672075376709e-07, 4.9940546294224024e-06, -1.9972870897195202e-07, 2.457338464911783e-08, 1.2680843027252864e-06, -3.976201556220728e-07, 6.684783429732835e-07, -7.846919141509788e-08]
0 397 5161 7.510799482524959e-11 0.6092304739995598 [-1.0471498233552821e-06, -4.881190975932661e-06, 7.998597501961759e-07, 2.99991726244964e-06, 3.5587536658523486e-06, 1.2160575082113802e-07, -3.914728079993461e-06, 9.184127634130903e-07, 2.014756327121174e-06, -2.7638435036789728e-06]
0 359 4667 9.897368147126164e-11 0.5053932909995638 [2.934530079683977e-07, 5.025088733683542e-06, -1.8539355840821781e-06, -1.4561496252792e-07, 4.155412882307225e-07, -2.482407741362441e-06, 1.0040103817219405e-06, -2.2893602573310596e-06, -7.483389507180684e-06, 1.2619115054192917e-06]
0 284 3692 7.222671455604055e-11 0.4647510489994602 [7.036601134608742e-07, -1.3690648864715359e-06, 7.128627592820235e-09, 3.9964787840548055e-06, 3.032555622840989e-06, 1.7580802388554802e-07, 5.098630235966946e-06, -2.7554860640067144e-06, 3.1796907212881766e-06, 9.79222123258654e-07]
0 401 5213 9.950514480799637e-11 0.6704474250000203 [2.909818838491948e-06, 1.6871670386193223e-06, 2.522422223526837e-07, 1.2199078216162773e-06, 1.1949860041159874e-06, -4.5637621147030855e-06, -6.482540816181789e-06, -3.5214510098959924e-06, -3.034638342815797e-06, 8.665255778635785e-07]
0 386 5018 9.46869482917778e-11 0.6799869930000568 [-1.1803966300211839e-06, 1.8821624538034046e-07, 7.902057945157073e-08, -2.5038582845758966e-07, 9.350922291224417e-06, 1.5055070277868148e-06, 7.485871451236053e-07, 3.143248437490501e-07, 5.198229718173533e-07, 1.597983594100294e-06]
0 389 5057 6.102974255911235e-11 0.623818433001361 [-2.3743723125447413e-06, -1.1359045933644754e-06, 1.7458872734514184e-06, 3.2888077173973977e-07, -5.09975081735649e-06, 9.53234247557212e-07, 1.2654554337988524e-06, 1.8023676757043812e-06, -2.740403699425509e-06, -3.4160944721513195e-06]
0 445 5785 9.367676794904405e-11 0.9131808300007833 [-1.597212396676633e-06, -8.484563949673042e-07, 2.8084769350544856e-06, -2.8853038465353324e-06, 3.6124030874986807e-06, -8.295900652950384e-07, 2.189948824521267e-06, -1.20451703969789e-06, 4.677587908807943e-06, 5.6858631475479485e-06]
0 415 5395 9.363999189005914e-11 0.7988920409989078 [3.326642565852919e-06, 8.501868902113902e-07, -1.6694416315468542e-07, 3.9086280506861094e-07, 2.3770633806656423e-06, -1.221086775833229e-06, -8.19891726147462e-06, -1.8346728162950572e-06, 6.96492986516825e-07, -1.8587966487455792e-06]
0 394 5122 8.560107851685059e-11 0.5755396119984653 [-4.673834338235787e-06, -2.978677333730885e-06, 2.4625918539720117e-06, 3.2232243051556447e-06, 2.8869226611991957e-06, 4.63263924146682e-06, -9.73423603685261e-07, -1.4424016251005286e-06, 1.0468288618495256e-06, -2.1238416741536968e-06]
0 435 5655 4.6223896911165485e-11 0.6239894970003661 [1.5977233362721626e-06, 1.5809063611694632e-06, -4.407978119974051e-06, 1.1217389677085323e-06, 6.007546599392044e-07, -8.64637605398418e-08, 2.4939547723223575e-06, 3.0486019716769796e-06, 2.086155943361097e-06, 4.991288008285729e-07]
0 375 4875 7.997485392583778e-11 0.5095572240006732 [1.0331914357339516e-07, -2.4227676767543396e-06, -6.525318569684468e-06, 1.2340679566365385e-06, 3.4367281179617173e-07, -3.1273989047047206e-06, -3.016653081921652e-06, -2.8379580812450183e-06, -7.204129263016752e-07, -1.5555507464391369e-06]
0 402 5226 9.103646859475083e-11 0.5280477849992167 [3.150457979644607e-06, -5.151928945865361e-06, -4.50487174350276e-06, -1.5073905374346959e-06, 1.2944453340313817e-06, 7.19819444094664e-07, 2.27902547211283e-06, 3.423375892986228e-06, 3.2237937025240027e-06, -1.5819549278338117e-06]
0 362 4706 1.817136928964477e-11 0.47179821000099764 [1.1488666849629886e-06, -2.353705014006757e-06, -7.037502350192572e-07, 7.742504387161666e-07, 1.6094169309814808e-06, -9.560152146501598e-07, 1.4548368367033713e-08, 2.0388349208497573e-06, -8.896971951924317e-07, -1.3281606321225758e-06]
0 394 5122 9.419831247630868e-11 0.5571364250008628 [9.691265639166115e-07, 1.3284128066356973e-06, 5.017454163657067e-07, 1.2819986717116255e-06, 4.4438381505231994e-07, -7.262759170658262e-07, 8.917755509371603e-07, 9.23094955948547e-06, 1.6613652332448858e-06, 3.292036048290228e-07]
0 473 6149 4.1754956065445305e-11 0.6115122390001488 [2.0997786024693235e-06, 1.061708568615898e-06, -3.6811777730987983e-07, 5.012127565515118e-06, -1.5057042333955102e-06, 1.7316418857745361e-06, 2.0412153229831744e-06, 1.992615575568927e-07, -1.205224375102131e-06, -1.9278888438189158e-07]
0 456 5928 8.479485538946415e-11 0.5922830040017288 [6.69360122434045e-07, -3.4998305957543456e-06, -2.7110003368299723e-06, 2.256246777053187e-06, -2.0712207080352517e-06, -3.9950314397208504e-07, 4.972318720862988e-06, 3.038541565408579e-06, -3.4662233665860445e-07, -4.596893792275108e-06]
0 409 5317 7.211350581242332e-11 0.5296359200001461 [-1.8445202373667118e-06, -3.1678831280690213e-06, -1.5056146671526317e-06, -5.400020786279881e-07, 9.763872847590683e-07, -4.079953885236779e-06, 6.866401578863831e-07, 6.63643340465614e-07, 3.995407686712508e-06, 4.6521773412123986e-06]
0 423 5499 9.981936574360266e-11 0.5446984200007137 [-3.961558330612384e-07, 1.1220210602088933e-06, -5.1896273094863215e-06, 1.6863861994567884e-06, 2.95442880801239e-06, 3.7862839715353583e-06, -2.827219879342709e-06, -2.0565172055032555e-06, 5.774098472821937e-06, -1.0985611141546579e-08]
0 394 5122 9.970541979935994e-11 0.5128726300008566 [1.5517216529556947e-06, -2.003640704562174e-07, 1.7388220155631125e-06, -6.731216932971384e-07, 6.764606241395306e-07, 3.8273696616166566e-07, 4.360668591366698e-06, 2.7288535994478722e-06, -7.16265233107529e-06, -3.925696323774501e-06]
0 380 4940 7.43612153313116e-11 0.49989873400045326 [2.650158729977821e-06, 2.317208825488172e-07, -1.1986538056784053e-06, 4.5733016751459084e-07, -6.962419766184347e-06, -2.246727923454958e-06, -1.573283387210598e-06, -1.2081988819270439e-06, 1.989711918627244e-06, 2.0545713921306974e-06]
0 416 5408 9.99624970609981e-11 0.5455023909998999 [7.518078022685328e-07, 1.7014383343888842e-07, 3.796026957504564e-07, -9.637378978352134e-06, -7.635171737961477e-07, 2.7864508698225687e-07, -1.2438292005569569e-06, -1.3825549974536088e-08, -5.963623342136503e-08, 2.0331505406330318e-06]
0 440 5720 9.828850799638832e-11 0.5778667419999692 [-2.4599264085712966e-06, 5.992057579722121e-09, 4.9568280987153115e-06, 1.1381844718699001e-06, -1.4860902163809557e-06, -1.0387345098603043e-07, -6.159456498388164e-06, -3.464777881871626e-06, -3.708404538334949e-06, 6.75660634193809e-07]
0 477 6201 9.912863446932037e-11 0.6305365150001307 [-2.762395382774135e-06, 1.5821825753983218e-06, -5.50196483479797e-06, -3.165476867118633e-06, -1.2165863360843602e-06, -3.5762949905718207e-06, -4.933111861262671e-06, -1.3963210212739292e-06, 2.3574517482290756e-06, 1.6092829859571836e-06]
0 422 5486 6.774100496077185e-11 0.5507338739989791 [1.2678099932734162e-06, -2.2205841548090434e-07, 1.940386857901587e-08, -7.700067791491353e-06, 1.1351133669517545e-06, -1.473016776187262e-07, 1.3742010043806785e-07, 2.650547161261144e-07, -2.2357643430746945e-06, -6.284677507975185e-07]
0 385 5005 8.66383134776405e-11 0.5049466290001874 [-3.594743321569024e-06, -1.4968104204333237e-06, -2.0820559941332995e-06, -1.5693743709618692e-06, 1.5107928808251647e-06, 5.417941322050983e-06, 1.4318558940921264e-06, -1.4492271868454106e-06, 5.244160274325587e-06, -1.1787825901016984e-06]
0 364 4732 9.700505083566252e-11 0.4805452359996707 [-5.026308844002483e-07, 1.282455275953076e-06, 3.6624297840079146e-07, 1.7760574359156938e-06, 4.623646398544182e-06, 2.132185469583922e-07, -3.140859229847794e-06, 7.741924327734598e-06, -6.665132478439036e-07, 3.860187622543841e-07]
0 407 5291 9.962318947287864e-11 0.5584273839995149 [-8.23219764111918e-08, 5.035295129878757e-08, -1.8388061857276216e-06, 1.2836377078779975e-06, -1.5338365801973078e-06, -9.405996457482154e-06, -1.0841998965621954e-06, 1.5447837713441517e-06, 3.1878062935095937e-07, -3.0992220497426604e-07]
0 373 4849 9.561500626473315e-11 0.4877324970002519 [-1.5371229127475813e-07, -4.759510071662135e-06, -1.7722482965984767e-06, -4.03843438406311e-06, 4.0179227993228433e-07, -2.4109725751673555e-06, -5.799509013998061e-06, 9.012952693231973e-07, -7.306771120368542e-07, 3.540321111479234e-06]
0 413 5369 8.733809683835315e-11 0.5445762859999377 [1.4980454555976242e-06, 3.828315780470063e-06, -1.730828914544356e-06, -2.0674863214108338e-06, -1.4161792197623663e-06, 3.594571161449476e-06, -4.84214713744107e-06, -1.0205338562929699e-06, -3.5204542617176626e-06, -3.3704160925842193e-06]
0 360 4680 9.229765394880276e-11 0.4702381949991832 [-3.5947840141402124e-07, -3.542340227121271e-06, 2.1065484721591074e-07, 8.650180888622329e-08, -7.675016806105541e-07, 4.687491775203496e-06, -5.682158365366038e-08, 7.319865501477813e-06, -1.7966431533505563e-06, -4.4178351092592756e-07]
0 514 6682 9.978720771831512e-11 0.6553446859998076 [-4.0873818390612426e-07, 3.667934652880788e-06, -2.950968681233069e-06, -7.103402546343156e-06, -1.3036382523964518e-06, 1.9371387845268347e-06, -3.842300879803976e-06, -1.0929515725904119e-06, 2.1754334910240702e-07, -2.354300032106643e-06]
0 480 6240 9.964442284723089e-11 0.6252960820002045 [7.132251474160804e-08, -8.567830481225564e-07, 1.29003232768138e-06, 3.2505092743736683e-07, 1.316820578100736e-06, -7.300509013019976e-07, 8.513949884473692e-07, 9.655775567529454e-06, -2.862978874049656e-07, 9.097168636969962e-07]

