0 12 156 3.972619494968241e-11 0.007243391999963933 [6.302871960438544e-06]
0 13 169 5.568794913529104e-13 0.00771757999973488 [7.46243587143575e-07]
0 15 195 1.970895841704562e-11 0.009368477999942115 [-4.439477268445647e-06]
0 17 221 9.536195996006776e-12 0.008810844999970868 [-3.0880731850146907e-06]
0 16 208 7.79340951191146e-12 0.008148751000135235 [2.7916678727799016e-06]
0 11 143 4.8070126114412323e-11 0.007035002000066015 [-6.933262299553676e-06]
0 15 195 2.207386165288516e-14 0.007821341000180837 [-1.4857274868859753e-07]
0 15 195 9.590327826404222e-11 0.007418702999984816 [-9.793021916857034e-06]
0 22 286 4.513075117683674e-11 0.010897466999722383 [-6.717942480911603e-06]
0 15 195 9.815953740664359e-12 0.007965827000134595 [-3.1330422500605316e-06]
0 54 702 2.7200957662456098e-11 0.026012706000074104 [-5.215453735050873e-06]
0 14 182 9.165542697468425e-11 0.009024922999742557 [-9.573684085799168e-06]
0 15 195 1.1492976491684975e-12 0.008232526000028884 [-1.0720530066971956e-06]
0 13 169 2.381733338991151e-11 0.006967799999983981 [4.8803005429903096e-06]
0 12 156 2.2690956440536313e-11 0.006637711999701423 [-4.763502539155019e-06]
0 18 234 4.886823773052756e-11 0.009794683000109217 [-6.990582073799546e-06]
0 15 195 3.2170918619973333e-11 0.008000926000022446 [5.6719413448988814e-06]
0 31 403 2.0259028238627045e-11 0.015341754000019137 [4.5010030258406896e-06]
0 14 182 1.314371703952539e-12 0.007868579999922076 [1.1464605112922725e-06]
0 15 195 2.3782938252778205e-12 0.007597941000312858 [1.5421717885105474e-06]
0 18 234 1.1892202693938465e-11 0.009291977999964729 [3.4485073138879182e-06]
0 16 208 3.643779490387525e-11 0.00820867399988856 [6.036372661116546e-06]
0 15 195 4.438675677200578e-12 0.00885835400003998 [-2.1068164792407946e-06]
0 20 260 5.265882292653182e-11 0.013581902999703743 [7.2566399198617965e-06]
0 18 234 1.1864117608191467e-11 0.01063739200026248 [3.444432842746606e-06]
0 14 182 3.7632788214540314e-11 0.00844015800021225 [-6.134556888198227e-06]
0 15 195 9.656165234121425e-12 0.009409230000073876 [3.1074370844992865e-06]
0 17 221 6.972577208849318e-11 0.010639250000167522 [8.350195931143962e-06]
0 15 195 1.2919547727935033e-11 0.009416036999937205 [3.594377237844552e-06]
0 20 260 1.896497015275955e-12 0.012904345000151807 [1.3771336228833987e-06]
0 16 208 1.9917798274071922e-12 0.009796428999834461 [1.4113043000739395e-06]
0 18 234 2.3153819358000583e-12 0.011234666000291327 [-1.5216379121854378e-06]
0 14 182 2.698421458007032e-12 0.007808927999576554 [1.642687267256623e-06]
0 14 182 7.790730407576786e-11 0.00756693700031974 [-8.826511432937016e-06]
0 21 273 2.5176640853296884e-12 0.011074920000282873 [-1.5867148720957047e-06]
0 7 91 7.503832796193534e-11 0.004309710000143241 [8.66246662111522e-06]
0 12 156 6.474671210751413e-11 0.006596835999971518 [-8.04653416742352e-06]
0 23 299 2.4628973704859143e-13 0.01163074099986261 [-4.962758678886083e-07]
0 21 273 3.513571129936258e-11 0.010929980000128126 [-5.927538384469777e-06]
0 15 195 5.4389347737400035e-11 0.007771649000005709 [7.374913405417045e-06]
0 14 182 1.9699631711080703e-11 0.008458899999823188 [-4.438426715749704e-06]
0 22 286 5.927739606118997e-11 0.011607451000145375 [-7.6991815189142e-06]
0 11 143 4.0552150330324316e-12 0.006234855999991851 [2.013756448290714e-06]
0 15 195 7.388764880357218e-11 0.009490789000210498 [8.59579250584681e-06]
0 17 221 9.2236540092945e-11 0.009826688999964972 [9.603985635815216e-06]
0 9 117 5.378315314336018e-12 0.006475894000232074 [2.3191195127323684e-06]
0 18 234 3.967731683028796e-12 0.012928563000059512 [-1.991916585359135e-06]
0 20 260 2.3444416595270506e-11 0.01322209699992527 [4.841943472952829e-06]
0 14 182 5.000242629965206e-12 0.010336858000300708 [-2.2361222305511847e-06]
0 16 208 6.422231515513936e-11 0.009577813999840146 [8.01388265169508e-06]

