0 14 182 1.0025088485018903e-11 0.008708475999810616 [-3.1662420130209413e-06]
4 60 780 1.1694706559613052e-11 0.034041053000009924 [3.419752412034101e-06]
1 31 403 7.894354473255903e-11 0.017155647999970824 [-8.88501799281009e-06]
2 36 468 1.0863991801314274e-11 0.02175368499979413 [3.296057008201508e-06]
1 24 312 1.062333707628141e-11 0.013319025000100737 [-3.259346111765581e-06]
0 13 169 1.0151932045510174e-11 0.010751463000133299 [3.1862096675376174e-06]
0 22 286 1.2500414666780036e-13 0.012584709000066141 [-3.535592548184821e-07]
0 14 182 3.459992043010255e-11 0.007790135000050213 [-5.882169704293013e-06]
1 31 403 9.82632823529958e-12 0.015766980000080366 [-3.1346974710966258e-06]
0 20 260 7.547325661709453e-11 0.010969631000079971 [-8.687534553433127e-06]
1 31 403 7.876697908013788e-11 0.016641802000094685 [-8.87507628587709e-06]
2 28 364 2.5508135958920638e-11 0.016373113000099693 [5.050557984908265e-06]
7 98 1274 1.1044441237760878e-12 0.05873438300000089 [1.0509253654642121e-06]
0 14 182 1.9246174498927615e-11 0.008320741000034104 [-4.387046215727345e-06]
0 20 260 9.84564343269388e-12 0.014485421000017595 [-3.1377768296508724e-06]
0 23 299 3.9885016811086395e-11 0.015531209000073432 [-6.315458559050672e-06]
0 21 273 3.2515729330569784e-13 0.013396564000004219 [-5.70225651216865e-07]
2 39 507 2.1307573543463194e-11 0.024185047000173654 [-4.6160127321599964e-06]
1 27 351 3.414160051005062e-11 0.018170008999959464 [-5.843081422507359e-06]
2 31 403 6.066267010500698e-12 0.01844344899996031 [2.462979295589124e-06]
1 27 351 1.7771095841406297e-14 0.015870434999897043 [-1.333082737169989e-07]
0 19 247 1.0633357005658827e-11 0.010538174999965122 [-3.260882856782627e-06]
0 18 234 4.176183588448202e-11 0.01064878200008934 [6.46233981499596e-06]
0 14 182 5.8134234333999116e-11 0.0079519190001065 [7.624580928418238e-06]
0 16 208 6.52956527156794e-11 0.010487505000128294 [-8.080572548754166e-06]
1 22 286 2.999896615473656e-11 0.014009027999918544 [-5.47713119750993e-06]
0 17 221 3.6032937961385414e-12 0.008782556999904045 [-1.898234389146541e-06]
0 12 156 2.7342357530502982e-12 0.007776025000111986 [-1.6535524645593493e-06]
1 36 468 6.345981592655398e-11 0.02396770999985165 [-7.966166953218717e-06]
0 19 247 9.486466930682559e-13 0.014207744000032108 [-9.739849552576548e-07]
0 14 182 2.404839315624093e-11 0.010267847000022812 [-4.903916104119332e-06]
1 33 429 8.631315755058224e-11 0.023972381000021414 [-9.290487476477337e-06]
2 44 572 2.3937087595388433e-12 0.02928834499994082 [-1.5471615169525266e-06]
0 15 195 3.744452405765251e-12 0.009276171000010436 [-1.9350587602874625e-06]
1 21 273 1.3281978831844402e-11 0.012743124999815336 [3.644444927810599e-06]
3 44 572 3.3139830311576723e-12 0.02625026100008654 [1.820434846721429e-06]
1 33 429 7.767194409701814e-11 0.01897468199990726 [-8.813168788637725e-06]
1 45 585 4.336851265364315e-12 0.024015637000047718 [2.0825108079825937e-06]
6 86 1118 9.58852735837098e-11 0.05635694800002966 [9.792102613009619e-06]
1 38 494 5.712660042391059e-11 0.022136829999908514 [-7.558214102809644e-06]
1 28 364 2.3259802427625207e-11 0.029163953999841397 [4.822841737775065e-06]
1 24 312 4.7717631137341534e-11 0.023845770999969318 [-6.907794954784163e-06]
0 16 208 1.1036788784896544e-11 0.014314842000203498 [-3.3221662789355597e-06]
0 15 195 3.3756500512079823e-11 0.014147223000009035 [5.8100344673745114e-06]
0 13 169 2.9093467930789108e-11 0.011797285000056945 [5.39383610529548e-06]
2 35 455 6.601124055148428e-11 0.02900212500003363 [8.124730183303584e-06]
0 15 195 1.2378764979307792e-11 0.013446780999856855 [-3.518346910028599e-06]
0 15 195 5.397650891760006e-12 0.01374258199984979 [2.3232845051263107e-06]
0 22 286 7.413980334597174e-11 0.019278190000022732 [8.610447337158026e-06]
0 11 143 2.75289438308151e-11 0.007121486999949411 [5.246803201075403e-06]

