0 15 195 1.2362600433893373e-11 0.009936977000052138 [3.516048980587923e-06]
0 14 182 4.5546356223433806e-12 0.00802685400003611 [-2.134159230784662e-06]
0 21 273 3.2875828454680874e-11 0.012895123000362219 [-5.73374471481604e-06]
0 14 182 7.180399790335721e-12 0.007900957999936509 [2.679626800570505e-06]
0 17 221 7.396033071069937e-11 0.010521258999688143 [-8.600019227344749e-06]
0 15 195 7.963651273192852e-12 0.008826496999972733 [2.8219942014810824e-06]
0 25 325 3.153640313195003e-11 0.013126392999765812 [5.61572819249205e-06]
0 19 247 6.5798448360573965e-12 0.011862195999583491 [-2.565120822896535e-06]
0 16 208 9.009244486166593e-11 0.008835044000079506 [-9.491704002004378e-06]
0 17 221 9.623370027322528e-11 0.011066206000123202 [-9.809877689004348e-06]
0 20 260 5.935108581521178e-11 0.01092831699997987 [-7.703965590214677e-06]
0 13 169 2.607515857463803e-11 0.01104482700020526 [5.106384099794886e-06]
0 19 247 9.125208470178387e-11 0.014583826000034605 [9.55259570492669e-06]
0 24 312 1.1020957379760391e-11 0.014936379000118905 [-3.319782730806399e-06]
0 16 208 1.7126894019815115e-11 0.009407186999851547 [-4.1384651768276504e-06]
0 14 182 1.512728765579664e-11 0.00792955199995049 [3.889381397574252e-06]
0 15 195 1.476139015453918e-11 0.008406679000017903 [3.842055459586598e-06]
0 23 299 6.802639313498251e-11 0.014141556000140554 [-8.247811414853186e-06]
0 17 221 3.272510432039363e-11 0.009470528999827366 [-5.7205860119740905e-06]
0 23 299 2.0186014001600914e-11 0.02023096600032659 [-4.492884819534206e-06]
0 23 299 1.8329259215715535e-11 0.013290348000282393 [4.2812684120147775e-06]
0 15 195 5.517677314708909e-13 0.008626768999874912 [7.428106969281547e-07]
0 10 130 9.026615221122779e-11 0.006694301000152336 [-9.500850078347084e-06]
0 24 312 2.3615584912659252e-11 0.014372161000210326 [-4.859586907614602e-06]
0 15 195 5.7721210370715916e-11 0.009794532999876537 [-7.5974476221107255e-06]
0 17 221 2.62472078801305e-13 0.010578410000107397 [5.123202892735217e-07]
0 14 182 5.471450986613908e-11 0.008936497999911808 [7.396925703705498e-06]
0 19 247 2.437309566051392e-11 0.010910627999692224 [-4.936911550809263e-06]
0 21 273 8.089162213520097e-12 0.011897791000137659 [-2.844145251832279e-06]
0 15 195 6.394486722567576e-12 0.008089106999705109 [-2.5287322362337172e-06]
0 15 195 8.011489378268858e-13 0.008666874000027747 [8.950692363314057e-07]
0 19 247 5.440679558845854e-12 0.011264675000347779 [-2.3325264326146133e-06]
0 19 247 3.639184156510837e-11 0.010592796000310045 [-6.0325650900017956e-06]
0 19 247 9.18443665028851e-11 0.01146953300030873 [9.583546655747292e-06]
0 19 247 2.3846224664552573e-11 0.009905485000217595 [-4.883259635177365e-06]
0 17 221 7.807646497125604e-12 0.009227777999967657 [-2.7942166159991254e-06]
0 22 286 2.093689047938459e-11 0.011693519999880664 [-4.575684700608707e-06]
0 15 195 1.7199837491243555e-12 0.007724860000053013 [-1.3114815092575097e-06]
0 19 247 5.389165591749834e-11 0.009782930000255874 [7.341093645874458e-06]
0 12 156 3.1533733510407994e-11 0.00752596700021968 [-5.615490495976998e-06]
0 16 208 6.411225148871078e-11 0.014669284999854426 [-8.00701264447052e-06]
0 14 182 4.940565130422093e-11 0.013067997000234755 [-7.028915371820956e-06]
0 17 221 1.957688177795007e-11 0.01241236400028356 [4.424577016840149e-06]
0 21 273 7.882547237558584e-11 0.01330279600006179 [-8.878371042910171e-06]
0 71 923 6.323119056610673e-12 0.04072782699995514 [-2.5145812885271123e-06]
0 10 130 9.588015400389089e-12 0.006781955999940692 [3.096452066541494e-06]
0 14 182 4.120984914315077e-11 0.00803809299986824 [-6.419489788382778e-06]
0 15 195 9.283993905173647e-11 0.008302040999751625 [-9.635348413614137e-06]
0 20 260 1.478150647865132e-11 0.0105866299995796 [3.844672480023665e-06]
0 16 208 5.38067066827995e-11 0.00901467199992112 [-7.335305493488291e-06]

