36 1164 15132 6.419587122879708e-11 1.3961710490000314 [6.879167387671696e-06, -2.2236004285078907e-08, -3.453770174104058e-08]
76 2583 33579 6.06405816721507e-11 1.761227469000005 [7.068527481957675e-06, -1.8679985709532922e-08, -2.680873411385968e-08]
156 4937 64181 9.347644908183053e-11 3.1697174860000814 [5.649756832266037e-06, 6.869667289827694e-08, 3.790035375186514e-08]
103 3494 45422 3.442417028091934e-11 2.221180722000099 [4.65789312866574e-06, -7.220683687673132e-09, -3.493825861956135e-08]
55 1553 20189 8.449159636222436e-11 1.0232280699999592 [-5.193431784202054e-07, 6.455108772485181e-08, -6.523300526622824e-08]
85 2878 37414 2.3588431738407675e-11 1.8032624009999836 [2.2058919680366376e-06, -2.3502531789326513e-08, 3.633012848680292e-08]
136 4233 55029 7.835318135256047e-11 2.7178210539998418 [6.001237624889045e-06, -1.2488179322820707e-08, 6.385826657073247e-08]
62 1896 24648 5.595456660891196e-11 1.1893100249999407 [-5.7286324052972495e-06, 1.8028554625198878e-09, 4.806748848827327e-08]
158 4855 63115 8.676330417995154e-11 3.1351761900000383 [-9.350952536775842e-07, -2.8673403727076063e-08, 8.812903053678861e-08]
17 500 6500 9.85491631358951e-11 0.3210736260000431 [9.464990136234188e-06, 2.3249418747065946e-08, 1.8862052211041118e-08]
91 2722 35386 7.486338443935719e-11 1.773282012999971 [-7.441193127765739e-06, -4.248606092413524e-08, 1.2005730074242976e-08]
61 2245 29185 5.4770948156109564e-11 1.4516287779999857 [4.363638345970422e-06, -9.454718451669366e-09, 5.902176846866139e-08]
77 1930 25090 5.979936553040954e-11 1.2241245820000586 [-5.032553017313602e-06, -5.641583994934484e-08, -1.6264395735582598e-08]
257 7869 102297 3.647929645497045e-11 4.946397095000066 [-2.1649587140796765e-06, 5.0809794666811875e-09, 5.6155219434966654e-08]
95 2785 36205 3.0432561203301876e-11 1.7877111650000188 [2.417270864531221e-06, 3.781511591073715e-08, -3.207730172156864e-08]
287 10000 130000 0.12465403293427627 6.422069770000007 [-0.3252524283666059, 0.0009282031975233181, -0.0010123872291261412]
329 10000 130000 6.305797510636308e-09 6.296344142999942 [5.180429361995547e-05, -1.0582969784773593e-07, -5.924621020544958e-07]
67 1884 24492 4.545838503855046e-11 1.197019943999976 [-6.158637576790399e-06, -4.66254016890511e-09, 2.7041034425534097e-08]
50 1626 21138 8.475067277669148e-11 1.0711560560000635 [-8.844872196774696e-06, -2.0123243848304174e-08, 1.571451294068743e-08]
280 7929 103077 9.593391870400295e-11 4.965188487999967 [-4.205785026395416e-06, -2.448018077499585e-08, 8.500146969787422e-08]
59 1687 21931 9.251753620011595e-11 1.058146115999989 [3.289315366154615e-06, -3.951310481027973e-08, 8.129273405699526e-08]
36 1416 18408 8.753458085927495e-11 0.9420169600000463 [5.271163437075459e-06, 5.195644825737112e-08, -5.723171474253149e-08]
62 1941 25233 6.576042361478054e-11 1.202442013999871 [1.047829758566381e-06, -5.407651885165014e-08, -5.9514517137178e-08]
341 10000 130000 1.7283201914294304 6.292181675999927 [1.2341604493765714, -0.004523983191233423, 0.00022448551811290497]
36 1106 14378 6.894637228655721e-11 0.6927867659999265 [-3.423538651538302e-06, -3.707465580717248e-08, 6.593971061187442e-08]
107 2953 38389 4.653118355397702e-11 1.9101678750000701 [3.0859028689133423e-06, 2.1452023262061568e-08, -5.692670200990843e-08]
37 966 12558 9.329545351603245e-11 0.6391177839998363 [6.831772665261825e-06, 6.387576054472016e-08, 2.4127179517194905e-08]
260 8488 110344 7.096183041223442e-11 5.353692789999968 [-5.126466354496908e-06, 5.436885660445377e-08, 3.888630535765648e-08]
239 7485 97305 7.678815089581911e-11 4.661502290000044 [-3.918274006174016e-06, 7.141566084302069e-08, 3.2300640197845215e-08]
61 1872 24336 7.329960101869825e-11 1.1860824600000797 [-4.7161847608097843e-07, 8.423976918164287e-08, 1.4538878615466322e-08]
200 6291 81783 9.619749494326675e-11 3.999905416999809 [-5.2597699499841e-06, -7.91736538517388e-08, -2.4181894826835778e-08]
186 5344 69472 9.828230607633163e-11 3.541910881999911 [-7.95241976180494e-06, -1.8317459533334985e-10, 5.919543097153879e-08]
25 929 12077 8.422359329585626e-11 0.702527487999987 [5.456388200425076e-06, 7.20480765938473e-08, 1.5944176659173682e-08]
150 4745 61685 5.778343066302819e-11 3.1048154269999486 [-1.1999306380647325e-07, 6.725524887485237e-08, -3.540670461294473e-08]
139 4249 55237 6.293025183654297e-11 2.8610589550000896 [6.402525508782127e-07, -7.405994202191803e-08, -2.76976143101501e-08]
0 88 1144 8.988865262337761e-11 0.05832483900007901 [-2.7784898519727435e-06, 1.102080572229465e-08, 8.997447703553296e-08]
251 7966 103558 5.611812933635479e-11 5.330805379999902 [6.12224685633911e-06, 2.8594567868739824e-08, -3.234150529953886e-08]
141 4454 57902 3.7087935458547535e-11 3.7406716909999886 [2.5627806927079426e-06, 2.6186657476949874e-08, 4.8644301086026495e-08]
95 3101 40313 9.67775467392838e-11 2.5903592049999133 [8.410833390626221e-06, -4.670129374436327e-08, 2.055558328152668e-08]
28 1060 13780 8.023071181010813e-11 0.7021936240000741 [8.348267216979513e-06, 3.217675562899032e-08, -4.286143440619689e-09]
2 188 2444 6.560527802328024e-11 0.1322681609999563 [-1.8443895209577848e-06, -7.727935035488707e-08, 1.5756031878387135e-08]
25 633 8229 3.9247072744446004e-11 0.4310865869999816 [1.8529270624486723e-06, -2.3994589665953994e-08, 5.482365430479463e-08]
2 132 1716 3.4496410062629294e-11 0.07749936499999421 [-4.702217600251802e-06, -1.973726343838754e-08, -2.913754283076798e-08]
212 6141 79833 6.831165328911839e-11 3.886031188000061 [7.06367460784218e-06, -1.9662825076269317e-08, 3.814431467970601e-08]
6 252 3276 1.4780366825516585e-11 0.15670277199978955 [-2.5802143134284903e-06, 2.7129963599904378e-08, -8.73219143728516e-09]
184 5607 72891 5.28169840444962e-11 3.742332640999848 [1.982785954121121e-06, -6.246362133959176e-08, -3.141417513810791e-08]
81 3027 39351 6.31650996932186e-11 2.92549057500014 [2.9291728468204893e-06, -7.325152541377374e-08, 9.629051730158818e-09]
94 2926 38038 8.440952936934779e-11 1.9439902770000117 [1.219222579740879e-06, -5.8284582616772336e-08, -6.996577732169077e-08]
220 6892 89596 3.383350321605699e-11 4.583877471000051 [-4.9314507122979795e-06, 2.9144593426761662e-08, 1.0100612991894879e-08]
297 9448 122824 9.769265919603329e-11 6.1287298879999526 [-7.178450041104534e-07, -8.06732758087038e-08, 5.6652964131663085e-08]

