305 10000 130000 2214.2416099083953 9.635150918999898 [-1.1846222836805242, 0.18389890806846282, 0.1614057995643166, -0.018121069588118953, 0.03293651940557049]
325 10000 130000 52830.73264585835 8.759437474000151 [4.240706571051457, -0.6792878178874504, -0.34286178715142673, -0.30314293530842096, 0.9850853371750536]
322 10000 130000 68567.44749797863 8.085278112999731 [6.643927621621689, 0.7505632058758744, -0.33637085387277993, 0.5099780548686877, -1.730827108227828]
321 10000 130000 3.7108796323588646 9.613267868000094 [1.4355894376359386, 0.00032387221866698665, 0.002559288153029473, -0.004610266531247213, 0.011708409513563315]
330 10000 130000 397758.23803654633 7.921592851999776 [3.640829247993471, 1.6726666099080736, 0.8099414487163161, -1.208285733826573, 1.8922803933546577]
323 10000 130000 4827.365338269856 8.440187312000035 [-2.569428096792417, -0.12986773713230634, 0.056643700994102396, -0.11096670364929959, -0.22290937715484369]
361 10000 130000 238178.68961924492 8.343467568000051 [6.049185958037916, -0.4718908601226044, 4.05530360656999, -0.9308966533025353, 1.019545385155718]
352 10000 130000 159318.21029613476 7.827290694000112 [1.641692254407455, 1.6736567601333645, 0.6928407279176332, 0.8239915871698479, 0.7289953041957318]
326 10000 130000 92217.57644489483 8.28041214399991 [4.768097911971505, -1.3108273979086602, 0.5238693871717428, 0.32505556394767743, 0.0333983104758111]
318 10000 130000 0.005340224617548691 7.72084556100026 [-0.06030968534979611, 0.00023842206564178212, -6.750281069036634e-05, 0.00031697227628589694, 9.17796943003806e-05]
322 10000 130000 4.967857103113123 8.615155129999948 [-2.228764442140809, 0.00013079876778510476, -0.00011898823007826793, -0.00011928700539995893, -3.347461696070086e-05]
347 10000 130000 12810.181411114863 7.88582012300003 [4.424662009151943, -0.6209209625152339, 0.4713375138108653, 0.02711353256567156, -0.43660432940767024]
328 10000 130000 322730.78544012195 8.558556583999689 [-2.5252602632277235, -0.4881761319562865, 0.6184564770946781, 0.9126078349483688, -0.786627891567024]
325 10000 130000 2439.442643483364 7.762989057000141 [-0.9511033907790497, 0.010277634401331882, -0.04155863924885226, 0.012527123034901035, -0.04317551975027034]
352 10000 130000 5276.812842323969 8.51063616500005 [1.4719626099289775, -0.20665583493609924, -0.08050535388647287, -0.43919012234459265, 0.2130467252912214]
345 10000 130000 910.0422757457768 7.7708266489999005 [-2.032296564372505, -0.06986418139834066, 0.07124592869545335, -0.006170710753960126, -0.024415994197958237]
301 10000 130000 1319.8775315649052 8.500953976000346 [6.274373214640841, 0.16175714966962446, 0.03415540864871702, 0.14321616884123678, 0.014427016533798128]
298 10000 130000 39553.28903352759 8.132456856000317 [2.771579289657327, 0.9349507214678029, 1.211463142483954, 0.5435226173933537, 0.48720437743157585]
320 10000 130000 27129.366393575176 8.083813654000096 [1.481507235435644, 0.2921325977037472, -1.0950958709935283, 0.4256989682590138, -0.08319326958143906]
355 10000 130000 419.820881452186 8.498152281999864 [4.384547917385524, 0.006624305362930882, 0.0005310695891186823, -0.003051017616946086, -0.0024879582562541327]
331 10000 130000 425861.9912456112 7.901234595999995 (2.523350754732866, 1.8725352081362008, 3.6628683167740066, -1.9735307477681903, 4.311501802404599)
297 10000 130000 30390.529578302783 8.46394554699964 [-1.1387626948693046, -0.31094821917586135, -0.3138802762131061, 0.2892623536133545, 1.2000170614456125]
310 10000 130000 2047.594315128701 7.765269969000201 [0.4078255454834665, -0.09245219626080112, -0.008116926508582256, -0.047942487526649646, 0.1839321183091219]
316 10000 130000 435.34987709008243 8.722468677999586 [5.008478778095469, 0.007377199882976771, -0.02107466703493995, -0.020532482771929247, -0.01031281845173385]
337 10000 130000 412.92299068588693 7.860916330999771 [-2.34541607080184, 0.022824467555717667, -0.004477930742992815, 0.007784570727427755, -0.011857220994809839]
357 10000 130000 4775.239675720064 8.57637281999996 [4.558472129745976, 0.14223406836093258, -0.0945140319696817, 0.25955790782759425, 0.4678806052816605]
328 10000 130000 221743.1242206509 8.011653416999707 [3.2377230852400967, -1.9830580070262045, 2.13045503254518, -1.375176850604451, -0.7005676709791993]
312 10000 130000 65927.81933334855 8.588585301999956 [4.311759098651756, 0.39591346955656714, 0.7546696231052723, 0.45361660189220965, -1.1571002850902625]
344 10000 130000 1917.6944330037504 8.338395842999944 [-1.4935124081325308, -0.1437950163574764, 0.2282819772492936, 0.19415483804500372, -0.2847114616004683]
341 10000 130000 3260.4623125071657 7.896987722999711 [-1.98675744450002, 0.3169718394632335, -0.017177754297687253, -0.2429607039508685, 0.07652048625479169]
305 10000 130000 22.668201858714927 8.485032517000036 [4.739228200319548, -0.0018630906780074982, 0.0008715520884919353, -0.0019862766283836653, -0.0035518710054265688]
319 10000 130000 128549.65186859167 7.6919071690003875 [-2.7626681007584084, 1.8954161860815955, 0.2501477197465434, 1.2390189974312262, -0.15445865856498275]
341 10000 130000 289518.69490027486 8.535286405000079 [6.328305083907875, 1.346161897580422, 0.941013063954984, 2.283249676490975, -2.576233339446676]
341 10000 130000 26011.192573324042 7.705223473999922 [1.3188935009066824, -0.38197359574773815, 0.9752183075799453, -0.17899378925248044, 0.38981015564915655]
318 10000 130000 10159.533369056559 8.435306939000384 [6.514009823877618, -0.43104903951815143, 0.006634227738106652, 0.36821121434282944, 0.3004718267859325]
334 10000 130000 21958.095299167464 8.001334816000053 [2.467834927447276, -0.855808169536787, 0.0356092780774392, -0.14329067311009813, 0.03150632099097215]
344 10000 130000 178961.01826388144 8.398150480000368 [1.5256114079672654, -1.273672463903216, 0.5712009279765714, -1.7613844162269638, 1.6984940300800426]
325 10000 130000 15.972762818410892 7.870915034000063 [3.839004327205943, -0.006772038577062373, -0.00032558401008057116, -0.00763932245423657, -0.004376654020350458]
323 10000 130000 18031.977967791478 8.504078935999587 [6.246134703498843, 0.053522747001937966, 0.14510415819647196, 0.7547045301910821, -0.0761416301522389]
312 10000 130000 621.5355321227912 9.56458647699992 [4.270565731673825, -0.18082855282564836, 0.10928785541688392, 0.018827303780396112, 0.12382452026616175]
357 10000 130000 57161.331817657105 8.253729620000286 [-1.1546752599937278, -0.8485157625209174, -0.21566338508608773, 1.3865018511894192, -0.25908063610616716]
339 10000 130000 127041.86919623439 8.437333243000012 [3.3382372827875133, -0.8344294912431192, 0.43333229330815815, -0.43077700378881145, -0.39173237999250965]
334 10000 130000 89968.52203979398 7.8235711519996585 [3.611902112364717, 0.23810907934484593, 0.9291757416033459, 1.963612701457897, -0.8364862739549939]
328 10000 130000 45824.27753734471 8.642571423999925 [1.5591310844798612, 0.7941873191082246, 0.9640178396564392, -0.047275200426987976, -0.14101711661008556]
339 10000 130000 0.002772990884407261 7.941748328999893 [0.05135065336608652, -4.9808543325819965e-05, -3.609459865962986e-05, -4.511270624257087e-05, -8.826812008398323e-05]
339 10000 130000 7648.053129865493 8.471158508999906 [-1.7357866934619859, 0.3598955853679303, -0.5018001581177098, -0.3071139593363442, 0.09411058584718199]
375 10000 130000 218554.0798733044 7.914490408999882 [-2.8163630018966512, -0.1728275765405799, 1.7653465787908655, 0.36977956833912495, 2.5321058338173827]
350 10000 130000 5820.691801577726 8.805374305999976 [4.822628792418406, 0.3472992593935073, -0.3209622806936445, -0.08365983192159954, -0.3303193555187638]
278 10000 130000 60721.24848966369 8.305816182999934 [2.9664586003620883, -0.4956670890204168, 0.4195284729666815, 0.9018477911133655, 1.586261460226471]
319 10000 130000 0.01748171235554709 8.024727512000027 [-0.03332116547603766, -0.0004033811768460619, -0.0002015322009576372, 0.0006356291612121493, 0.001014783324777638]

