5 60 780 4.831858590855218e-11 0.043761852000216095 [-6.951157163275204e-06]
8 115 1495 6.743135531185971e-11 0.07173079299991514 [-8.21165971724716e-06]
4 76 988 8.804391119197713e-11 0.04234872000006362 [9.383171702147261e-06]
2 34 442 2.8799587246305636e-11 0.018172692000007373 [-5.366524689806769e-06]
0 21 273 2.7211932221054454e-11 0.01307561299995541 [5.21650574820487e-06]
0 17 221 5.4891966110465306e-11 0.010236801999781164 [7.408911263503249e-06]
0 22 286 8.093056758963681e-13 0.013874454999950103 [-8.996141816892217e-07]
1 24 312 1.5979110610872933e-11 0.012015534000056505 [-3.9973879735238276e-06]
6 84 1092 7.497973009617751e-13 0.057692106000104104 [-8.659083675319087e-07]
1 33 429 2.7256787508291705e-11 0.017600038999944445 [5.220803339361837e-06]
4 72 936 6.0739407741070075e-12 0.04662923499995486 [2.4645366246227722e-06]
2 42 546 3.84682232839251e-12 0.024661838999918473 [1.9613317741760342e-06]
0 18 234 7.790901899438453e-13 0.011599132999890571 [-8.826608578292374e-07]
4 63 819 7.506187405598248e-11 0.035059654999940904 [-8.663825601660186e-06]
3 55 715 1.2446189724841822e-11 0.029864153000062288 [3.5279157763248577e-06]
8 117 1521 1.6305784999558376e-11 0.06874436600014633 [-4.038042223597764e-06]
1 27 351 6.579375418204411e-11 0.016733201000079134 [8.111334919854075e-06]
0 20 260 3.3701124956910204e-11 0.015003591999857235 [5.805267001345434e-06]
0 22 286 2.1032395561181888e-11 0.014128723000112586 [-4.5861089783368525e-06]
0 20 260 1.0613508411738776e-11 0.017953017999843723 [3.257837996545988e-06]
1 32 416 8.290531245522017e-12 0.03061540699991383 [2.879328262897792e-06]
2 44 572 5.8981750027488344e-12 0.04105413800016322 [-2.428615861504004e-06]
4 87 1131 1.1297176132144304e-11 0.07989225300002545 [3.36112721153846e-06]
7 94 1222 5.483584803567964e-12 0.09019384299995181 [2.341705533060885e-06]
1 34 442 1.5666101255464495e-13 0.033126755000012054 [3.958042604048685e-07]
0 15 195 5.599992334691436e-11 0.012044223999964743 [-7.483309651946414e-06]
0 15 195 3.93252021875547e-11 0.011485738000146739 [6.270980958953288e-06]
0 13 169 2.243606346295671e-11 0.011972951999950965 [4.736672192896265e-06]
0 16 208 4.574155914144394e-11 0.010172567000154231 [6.763250634232325e-06]
0 13 169 1.4105314252668409e-11 0.008901488999981666 [-3.7557042285926096e-06]
0 18 234 6.31504682439859e-11 0.011061309000069741 [-7.946726888725062e-06]
2 39 507 1.7386742587602835e-11 0.030430790000082197 [-4.169741309434296e-06]
1 39 507 6.758638698569045e-12 0.031118623999873307 [-2.5997381980824618e-06]
2 37 481 1.819339527573208e-12 0.028792154000029768 [-1.3488289467435106e-06]
1 27 351 3.4426308805462536e-12 0.023537719999922047 [1.8554328014094861e-06]
0 18 234 3.906698683524337e-11 0.013396456999998918 [-6.250358936512636e-06]
0 19 247 6.417584100839753e-11 0.012530222999885154 [-8.010982524534523e-06]
1 35 455 1.911190830963489e-12 0.028485486999898058 [1.3824582564994463e-06]
1 28 364 1.787847002468536e-11 0.03031507299988334 [-4.228293985129861e-06]
1 29 377 4.1685215914108035e-12 0.043611771000087174 [-2.0416957636755785e-06]
0 20 260 1.1138292385253692e-12 0.028774380999948335 [1.0553810868711686e-06]
1 21 273 4.880164508828702e-11 0.031335650000073656 [-6.985817424488491e-06]
0 20 260 1.6789780244592716e-11 0.030012897000005978 [4.097533434225121e-06]
0 21 273 6.395437942193026e-11 0.019504986999891116 [7.997148205574926e-06]
2 33 429 7.628794124530977e-12 0.02491449800004375 [-2.7620271766459824e-06]
2 39 507 9.748668194755003e-11 0.03424939000001359 [-9.873534420234227e-06]
1 28 364 7.807913570841387e-12 0.021177762999968763 [2.7942644060362983e-06]
1 43 559 8.476809321059151e-11 0.04047448300002543 [9.206958955626527e-06]
4 72 936 9.317308105037761e-12 0.06550879600013104 [3.052426592899125e-06]
1 48 624 8.880678409336609e-11 0.03263132400002178 [9.42373514554426e-06]

