0 10 130 2.4447845091766276e-12 0.0077021590000185824 [1.5635806692258086e-06]
2 35 455 6.463017345132881e-11 0.01937012100006541 [-8.039289362333515e-06]
1 26 338 9.512369844787737e-11 0.01474592899990057 [9.753137877005399e-06]
0 13 169 1.679397550800231e-11 0.0069614449998880445 [4.098045327714459e-06]
0 14 182 1.350070178061946e-14 0.008451865000097314 [-1.1619252032992253e-07]
1 20 260 6.331253806441315e-11 0.011444900000014968 [7.956917623327085e-06]
0 20 260 1.4570338124451263e-12 0.010565820000010717 [-1.207076556165816e-06]
1 29 377 2.458370946593887e-11 0.015418071999874883 [4.9581961907470815e-06]
6 50 650 4.9536332054850424e-11 0.03259460799995395 [-7.038205172829961e-06]
0 15 195 7.729434024381749e-11 0.011352617999818904 [-8.79171998210916e-06]
0 18 234 5.136248861603131e-12 0.009550127000011344 [-2.2663293806512617e-06]
1 26 338 2.4736090364760796e-11 0.025009955000086848 [-4.9735390181198736e-06]
0 15 195 7.069015119296479e-11 0.014009223999892129 [-8.407743525641395e-06]
1 17 221 9.253397948349254e-11 0.011038804000008895 [-9.6194583778658e-06]
0 16 208 7.261115580178826e-11 0.009861957999873994 [-8.521217976427329e-06]
2 40 520 9.24924838810267e-12 0.03167903500002467 [3.0412576984041767e-06]
2 32 416 9.890650181671222e-11 0.020483622000028845 [-9.945174800711761e-06]
0 14 182 8.52777586206211e-11 0.011416756000016903 [9.234595747547431e-06]
0 13 169 6.462549672751498e-13 0.009897817000137366 [-8.038998490329189e-07]
1 23 299 3.2004423373953335e-17 0.016358250999928714 [5.657245210696929e-09]
3 38 494 4.200127471442088e-11 0.026124886999923547 [-6.4808390440143534e-06]
2 38 494 8.727860848227732e-13 0.02035120700020343 [-9.342302097570883e-07]
2 46 598 5.809474758041011e-12 0.026865843999985373 [-2.410285202634952e-06]
9 101 1313 8.481417487437484e-11 0.06741692299988244 [9.209461160913533e-06]
4 66 858 1.6946917360884575e-11 0.05789160499989521 [-4.116663377164154e-06]
0 14 182 1.959868040026854e-11 0.013889554000115822 [-4.427039688128913e-06]
0 20 260 3.285941406673282e-12 0.014793677999932697 [-1.8127165820042807e-06]
0 20 260 6.28693487443386e-13 0.010902437999902759 [-7.929019406227898e-07]
1 28 364 4.0156353706652166e-11 0.015421663000097396 [-6.336904110577354e-06]
0 18 234 7.521232525458838e-11 0.009585390999973242 [8.672503978355292e-06]
2 35 455 6.314046727128841e-12 0.020185856000125568 [2.512776696630411e-06]
0 18 234 1.4673253263939123e-11 0.00935707899998306 [3.830568269061279e-06]
1 37 481 2.0896718870252846e-11 0.029457602999855226 [4.571292910135255e-06]
3 55 715 4.918906126012664e-11 0.046833129999868106 [-7.013491374495775e-06]
0 15 195 3.816394065792339e-11 0.012989587999982177 [-6.1776970351356164e-06]
1 13 169 7.742129506871044e-11 0.007544960999894101 [8.798937155629107e-06]
1 25 325 1.5592184777138639e-12 0.014393186000006608 [-1.2486867011840335e-06]
0 9 117 5.857390821585708e-11 0.0059298809999290825 [7.653359276543672e-06]
3 45 585 1.1908997733492929e-13 0.02653269300003558 [3.450941572019574e-07]
1 23 299 7.332330708887031e-11 0.014429715999995096 [-8.562902959211339e-06]
1 24 312 9.906179747207963e-12 0.014764104000050793 [-3.147408417604548e-06]
0 15 195 2.5808476505214872e-11 0.00881889900006172 [-5.080204376323345e-06]
0 12 156 9.4825543259656e-11 0.0099668059999658 [-9.737840790424539e-06]
0 11 143 4.064838126080884e-11 0.0063515290000850655 [6.375608305158719e-06]
0 14 182 3.240098473952126e-11 0.010511914000062461 [-5.692186288195535e-06]
0 14 182 6.45001507473427e-13 0.006970066999883784 [8.031198587218642e-07]
0 5 65 1.4018260884858606e-11 0.005096323000088887 [3.744096804952912e-06]
1 32 416 1.2659750675579362e-12 0.017047096999931455 [1.1251555748241824e-06]
2 46 598 1.0152851790313926e-12 0.028498119000005318 [1.0076136060174022e-06]
6 62 806 8.82173031473089e-12 0.03964686899985281 [-2.970139780335412e-06]

