0 18 234 7.0094334329106775e-12 0.010468202000083693 [-2.647533462094611e-06]
0 24 312 8.103486585109178e-12 0.012315959999796178 [-2.8466623588176344e-06]
0 29 377 9.236095564773905e-11 0.014437269000154629 [9.610460740658538e-06]
0 22 286 5.217398390673474e-12 0.011791373000050953 [2.284162514068006e-06]
0 17 221 8.234542347584757e-12 0.009009823999804212 [-2.8695892297652564e-06]
0 15 195 5.532792950094881e-11 0.008530931000223063 [7.43827463199288e-06]
0 20 260 1.7419607624970433e-11 0.010628706999796123 [4.173680345327183e-06]
0 12 156 3.498093183887263e-11 0.006553467000230739 [-5.914468009793664e-06]
0 20 260 7.362572989613292e-13 0.010482748999947944 [8.58054368301525e-07]
0 18 234 1.1194783052053089e-12 0.010075350000079197 [1.0580540180942129e-06]
0 21 273 3.4736349816205158e-12 0.01090386900023077 [1.8637690258238857e-06]
0 16 208 4.886222265622592e-11 0.008510664000368706 [-6.990151833560264e-06]
0 17 221 2.7891362697469167e-12 0.009106507000069541 [-1.6700707379470239e-06]
0 24 312 3.7564878743096696e-12 0.012759653999637521 [-1.938166111124036e-06]
0 16 208 2.2326508198399172e-11 0.009107206999942719 [-4.7250934592237615e-06]
0 20 260 1.3067558615013638e-11 0.01069523299975117 [3.6149078293939443e-06]
0 20 260 1.5099592920210332e-11 0.010187338999912754 [-3.885819465725387e-06]
0 57 741 8.810770938827996e-11 0.026885536999998294 [9.38657069372409e-06]
0 17 221 2.0535548081396453e-12 0.010319449999769859 [1.4330229614837459e-06]
0 23 299 4.194237069542017e-11 0.018191280999872106 [-6.476292974798173e-06]
0 20 260 4.5277554864251635e-12 0.012984128999960376 [2.1278523178137066e-06]
0 23 299 5.138810481556435e-11 0.01388008699996135 [7.168549700990037e-06]
0 17 221 7.457271497018269e-12 0.010634392999691045 [-2.7308005231100767e-06]
0 23 299 3.744574623839973e-11 0.013055269000233238 [-6.119292952490486e-06]
0 16 208 6.4034876540836046e-12 0.013702804999866203 [-2.5305113424135456e-06]
0 22 286 5.714037040893343e-13 0.018074935999720765 [7.559124976406556e-07]
0 14 182 1.6174581207573791e-12 0.011645850000149949 [-1.2717932696619286e-06]
0 24 312 1.535935231846913e-11 0.019326711999838153 [-3.919100957932716e-06]
0 25 325 1.002704867725628e-12 0.020365511999898445 [1.0013515205589034e-06]
0 20 260 1.500008032596233e-11 0.016488346000187448 [3.87299371623068e-06]
0 21 273 1.3761089531697042e-11 0.01736680299973159 [-3.709594254321764e-06]
0 12 156 9.3961602995711e-12 0.010812945999987278 [-3.0653156932967116e-06]
0 20 260 7.890335271295275e-11 0.01692450100017595 [-8.882755918798667e-06]
0 14 182 2.1019758609087868e-12 0.012699414000053366 [1.4498192511167683e-06]
0 12 156 1.3195807142018354e-13 0.011099786000158929 [-3.6326033559994347e-07]
0 43 559 2.252397087801426e-11 0.02940374600029827 [-4.7459425700290835e-06]
0 18 234 8.010829692413817e-12 0.011587643999973807 [2.830340914521397e-06]
0 20 260 1.0562666390948533e-12 0.013164879000214569 [1.0277483345132957e-06]
0 22 286 3.3895166443956774e-11 0.01496493200011173 [-5.821955551527062e-06]
0 22 286 8.915212350446981e-11 0.012397749999763619 [-9.442040219384252e-06]
0 18 234 5.022062769203861e-13 0.009761477999745694 [-7.086651373677035e-07]
0 18 234 2.511774594651773e-11 0.009871795999970345 [5.011760763096911e-06]
0 20 260 1.589518630491205e-12 0.010895504000018263 [1.2607611314167347e-06]
0 24 312 4.6787738932823636e-11 0.012616349999916565 [6.840156352951564e-06]
0 17 221 3.6414276310606764e-12 0.009234490000380902 [-1.9082525071543012e-06]
0 27 351 2.649099628374539e-13 0.013834419999966485 [5.146940477967993e-07]
0 10 130 2.59076921614751e-11 0.005517246000181331 [5.089959937118867e-06]
0 18 234 3.0148307061872825e-11 0.009620226999686565 [5.490747404668405e-06]
0 12 156 1.1607406239731694e-11 0.006724565999775223 [3.4069643731233373e-06]
0 22 286 8.40621795720016e-12 0.015390648999982659 [2.8993478503277527e-06]

