1 25 325 4.8905454805142765e-11 0.02014869799995722 [-6.993243511071437e-06]
1 27 351 7.601155913464313e-11 0.021971845999814832 [8.71846082371442e-06]
1 31 403 9.572151396482125e-12 0.017161004000172397 [-3.093889363969262e-06]
0 14 182 7.596336114400813e-11 0.008098952999716857 [-8.715696251247408e-06]
1 34 442 1.809606439714552e-11 0.01882834100024411 [-4.253946919878705e-06]
1 36 468 2.622798803365037e-11 0.022700254000028508 [-5.121326784501295e-06]
4 65 845 1.3558817708862344e-13 0.0367358379999132 [3.682229991304501e-07]
0 18 234 5.739024291558093e-12 0.010915393000232143 [2.3956260750705843e-06]
1 32 416 6.806587860788573e-12 0.023760105000292242 [2.608943820933784e-06]
5 74 962 5.233997604734245e-11 0.04221494699959294 [7.234637243659315e-06]
0 21 273 5.2360249091009315e-11 0.013898883999900136 [7.236038217906904e-06]
0 23 299 2.6352125273919182e-12 0.013587920000190934 [-1.623333769559396e-06]
1 31 403 4.725596241173852e-11 0.020120098999996117 [-6.874297230389338e-06]
0 18 234 4.2762914013267575e-12 0.011163519000092492 [-2.0679195828964813e-06]
1 24 312 5.02996813986613e-11 0.015344383999945421 [7.092226829329509e-06]
0 22 286 1.4409630305797413e-11 0.01383773099996688 [-3.7960018843247975e-06]
3 68 884 4.7494050076656243e-11 0.03968121300022176 [6.891592709719303e-06]
2 32 416 5.7631627590128544e-11 0.01882769099984216 [7.5915497489069086e-06]
0 15 195 3.0352533931202667e-14 0.00844119800012777 [1.742197862792934e-07]
4 76 988 3.9495398745562616e-11 0.04451333099996191 [-6.284536478179009e-06]
0 14 182 2.4993934517608322e-11 0.010017380000135745 [4.999393414966292e-06]
1 33 429 6.712490966702668e-12 0.021886113000164187 [2.5908475382975873e-06]
3 56 728 3.2900929000851134e-11 0.03831323300028089 [5.735933141246604e-06]
0 26 338 9.474772644560368e-12 0.01613085700000738 [-3.078111863555379e-06]
0 20 260 1.9137804139522118e-11 0.013143781000053423 [-4.374677604066626e-06]
5 86 1118 1.792211633846633e-11 0.05124872099986533 [4.233452059308849e-06]
3 48 624 2.771133137757956e-11 0.028666348999649927 [-5.264155333724449e-06]
2 47 611 9.588528320158116e-11 0.028283484999974462 [-9.792103104113087e-06]
0 19 247 1.7574267959942472e-11 0.01404282300018167 [-4.1921674537096525e-06]
0 19 247 2.0294723774625642e-11 0.013300810999680834 [-4.504966567536949e-06]
0 19 247 2.2501905493561983e-11 0.013102733999858174 [-4.7436173426576036e-06]
0 21 273 5.890945258568415e-11 0.01346474499996475 [-7.675249350065713e-06]
0 15 195 1.0046359208622139e-12 0.010204522000094585 [-1.0023152801699742e-06]
1 39 507 1.6348688608120748e-11 0.02661506999993435 [4.043351160624161e-06]
2 37 481 1.325260384840482e-11 0.021980876999805332 [-3.6404125931554544e-06]
1 34 442 1.2788530251358896e-14 0.02027801400026874 [-1.1308638402282963e-07]
2 30 390 4.087031150271054e-11 0.0180441930001507 [6.392989246253316e-06]
3 60 780 1.1710697093540688e-12 0.03819057000009707 [-1.0821597429927195e-06]
1 26 338 3.3931003350169364e-11 0.016700627999853168 [-5.825032476318854e-06]
0 14 182 1.7013218410489065e-11 0.010788701000365108 [-4.1247082818654055e-06]
2 45 585 1.6146072500944186e-11 0.028401612999914505 [4.018217577601316e-06]
0 21 273 1.5997189268934495e-11 0.014278540000304929 [3.999648643185361e-06]
2 25 325 5.88875706913755e-11 0.016858434999903693 [-7.673823733405368e-06]
0 31 403 4.9010572970045175e-11 0.019612354999935633 [7.0007551714115226e-06]
0 14 182 1.51049886665274e-11 0.010414171000320493 [-3.886513690510738e-06]
0 25 325 6.516863501580065e-11 0.016960809000011068 [-8.072709273583476e-06]
2 39 507 2.4212521107173608e-12 0.02297793299976547 [1.5560373101945084e-06]
1 28 364 6.831163053126159e-11 0.015079402000083064 [8.265085028677055e-06]
0 16 208 2.602572960595383e-12 0.009175478000088333 [1.613249193582747e-06]
0 17 221 5.065789311107207e-11 0.008949105000283453 [-7.117435852262532e-06]

