108 3806 49478 9.514082564911321e-11 2.766247614999884 [4.4155354744976336e-07, -8.238636568716987e-07, 9.389267429502031e-07]
20 592 7696 7.523862116533927e-11 0.37740926100013894 [-8.24917031169526e-06, 1.089254981876524e-07, -2.659165788819964e-07]
19 760 9880 3.3679484567413885e-11 0.5030874289996063 [-2.5697155298678446e-06, -8.151226323900442e-07, 4.520154599637623e-07]
20 733 9529 4.766715374308966e-11 0.48651953500029776 [6.280522355966762e-06, 3.6192569802626535e-07, -2.6291235365371057e-07]
106 3331 43303 8.166111193282614e-11 2.2764547229999152 [-6.1238232255208825e-06, -1.76542555041875e-08, -6.645057133540922e-07]
21 738 9594 5.610153113452413e-11 0.4910468560001391 [-5.6271314135695325e-06, 1.4852290800531096e-06, 1.5420340419682775e-07]
139 3408 44304 2.071767669938316e-11 2.496714077999968 [2.3496166218925482e-06, -5.801060742971625e-07, -3.4397307823643344e-07]
14 394 5122 9.994699775363466e-11 0.26939732999971966 [-7.484909263956555e-07, 1.9880258955840706e-06, -7.737201656387764e-07]
148 4680 60840 7.487268367983843e-11 3.218350241999815 [-7.566582640512214e-06, -2.336466994501281e-07, -4.1320216628786287e-07]
115 3503 45539 7.050255603384036e-11 3.3048901500001193 [4.493883187546487e-07, 2.5715863357354962e-06, 2.0420684002726422e-07]
25 1007 13091 8.40868034994153e-11 0.6588056760001564 [-6.474539725134302e-06, -1.925505852877235e-06, -2.2564155097030013e-07]
38 1168 15184 6.596335194772115e-11 0.7971605049997379 [-6.44104932316521e-07, 1.3283692079256356e-06, -6.92118727229923e-07]
4 168 2184 5.861984014194895e-11 0.11874542599980487 [6.902399135109111e-06, 8.233820824614428e-07, -2.0486936775439442e-07]
13 339 4407 9.926938229421434e-11 0.2449474680001913 [-8.75837360189156e-06, -1.0289300301684675e-06, -3.4602462447170684e-07]
19 776 10088 1.3956484438133376e-12 0.5334048730001086 [-1.1649866830168822e-06, 5.10098201636066e-08, -1.1150988599862038e-08]
10 301 3913 7.091962536616676e-11 0.19783172999996168 [-7.89319664252221e-06, 3.6927602315634593e-07, 2.6932182079922897e-07]
20 720 9360 3.1768058690414635e-11 0.4816472050001721 [-3.799153834380871e-07, 1.33759917333408e-06, 3.705672342072567e-07]
185 5554 72202 5.2649446690864334e-11 3.7828580089999377 [1.986103150082463e-06, -3.059173470809427e-07, 6.911511175976381e-07]
73 2213 28769 9.774895476766732e-11 1.4685201239999515 [-1.2454729968813658e-06, 1.0032207078754143e-06, -9.2807992055968e-07]
64 2042 26546 4.520930274284888e-11 1.334131625000282 [-1.8425096016198817e-06, 6.385777213932711e-07, -6.143016038412174e-07]
106 3105 40365 2.8646957811795102e-11 1.9940723780000553 [-4.854802903976382e-06, -9.176498152331849e-08, 2.2346450404925258e-07]
28 854 11102 1.3315680261843273e-11 0.5752865479998945 [2.2001808123716137e-06, -4.662646063908674e-07, 2.510150956214935e-07]
8 349 4537 3.945180920155201e-11 0.24780693200000314 [1.267918278696531e-06, 3.9909155794150665e-09, -6.151750414802897e-07]
71 1813 23569 7.726646072724889e-11 1.7354954530001123 [7.913969978944164e-06, -1.2097185474445814e-06, -3.6745874667917e-09]
12 524 6812 9.359163583075281e-11 0.3600819160001265 [-7.790894825593793e-07, 3.0080527372556286e-06, 1.5814052952381828e-07]
27 841 10933 2.9307344292273495e-11 0.5786523089996081 [-2.247931022222305e-06, -1.0797115944781333e-06, 3.5491378022132293e-07]
39 1085 14105 5.221887680393125e-11 0.77593793799997 [-5.122640636815491e-06, -5.873766391256456e-07, 4.7462950338208476e-07]
0 91 1183 9.155017697947048e-11 0.059518217999993794 [-3.7256121536822222e-06, -2.2084099308515935e-06, -5.375801971144992e-07]
178 5563 72319 9.845393927506449e-11 3.7622349990001567 [3.2670932673024334e-06, -4.785461538549157e-09, -9.369088101378395e-07]
25 844 10972 6.78985310760749e-11 0.582909639999798 [-7.010231646138868e-06, 1.3545390296523038e-06, -6.382973562799711e-08]
18 620 8060 9.370159219511775e-11 0.4312367419997827 [-7.995788485298728e-06, 6.70342976365481e-07, -5.027460754084185e-07]
160 5253 68289 6.971750978467216e-11 3.6319946159997016 [-3.228578287538852e-06, -1.448564940106751e-06, -6.18953860710474e-07]
9 382 4966 5.7316458960366216e-11 0.26030582699968363 [-2.1662521292623543e-06, -1.863737725044153e-06, 4.2294949574748263e-07]
0 69 897 8.903186913209334e-11 0.05228655700011586 [-9.363997298957974e-06, 3.3167492971957454e-07, -4.9733401970533803e-08]
100 3432 44616 9.352088368693244e-11 2.9928748040001665 [4.4898840547318356e-06, -8.219716407242824e-07, -8.161216274578659e-07]
15 566 7358 9.251561406302573e-11 0.3773831799999243 [6.801627178748438e-06, -1.9179795776063892e-06, -3.0768531299339713e-07]
57 1643 21359 2.011890531193747e-11 1.1085826040002758 [1.5762368573164731e-06, 1.276983427739296e-06, -1.1521787770856288e-07]
105 3311 43043 7.886513475787759e-11 2.9362049950000255 [-1.7813898352165479e-06, 1.7858645507732543e-06, 6.618055838067489e-07]
23 667 8671 7.746681522966862e-11 0.4918580700000348 [2.0093418009960764e-06, 8.097506714278662e-07, 8.177554601325487e-07]
50 1739 22607 8.351959803100945e-11 1.5884247570002117 [-2.510520302249731e-06, 1.7394993425986469e-06, 6.852613093848953e-07]
37 1103 14339 4.067390745849231e-11 0.7454668919999676 [-5.300828151449564e-07, -2.0012944654936025e-06, 5.8405846576097783e-08]
18 676 8788 7.303136823569217e-11 0.49578888599990023 [8.433028077975395e-06, -4.1425852625888133e-07, -4.4643522037242847e-08]
40 1247 16211 3.827993772702298e-11 0.8230131850000362 [3.1499020832801614e-06, -1.259073079112811e-06, 3.5362981219495806e-07]
65 2133 27729 1.5918341857131834e-11 1.4033101260001786 [3.2157631097801035e-06, 7.113287163309822e-07, -7.192524258828776e-08]
24 805 10465 3.606913798853932e-11 0.5241503570000532 [2.54861710339753e-06, 1.7157889523222853e-06, 3.665672649008029e-08]
212 5815 75595 9.736930907420201e-11 3.8757797279999977 [9.170802300727954e-06, 9.718070116069346e-07, -1.9548927226527962e-07]
89 2853 37089 8.618494464123632e-11 1.9350769409998065 [-3.9555565957385645e-06, 1.910733967687695e-06, 5.833478696831749e-07]
40 1446 18798 7.494239033003754e-11 0.9294191149997459 [-8.470996048381915e-06, 8.135314643977236e-08, -1.7659085293352556e-07]
20 581 7553 3.297571057750946e-11 0.548489975999928 [1.0355769850020237e-06, 8.21057189276793e-07, -5.016168039949669e-07]
4 174 2262 5.7234371208402374e-11 0.18081132799989064 [2.8539479303351005e-06, 4.868206571632333e-07, 6.835159756503863e-07]

