0 13 169 9.033012299672749e-11 0.007822877999842603 [-9.50421606429102e-06]
0 21 273 4.8614355239624576e-11 0.011116269000012835 [-6.972399532415263e-06]
0 14 182 1.0580647259684087e-12 0.007895268000083888 [-1.0286227325741974e-06]
0 19 247 6.136635747257349e-12 0.010150136999982351 [-2.477223394701687e-06]
0 17 221 7.461426874683022e-11 0.010361423999711405 [8.637955125307738e-06]
0 18 234 6.043185088431792e-12 0.010538214999996853 [-2.458289057135428e-06]
0 13 169 2.997408065686277e-14 0.007341208999605442 [1.731302418899216e-07]
0 17 221 1.3538391787458493e-11 0.008688042999892787 [3.6794553656021556e-06]
0 8 104 1.0472195494934187e-11 0.00457521899988933 [-3.2360771769125328e-06]
0 19 247 3.48814195931161e-11 0.010549929999797314 [-5.906049406592879e-06]
0 13 169 5.630498271426459e-11 0.0069803880001018115 [7.503664618988817e-06]
0 23 299 7.440629536180837e-11 0.011781275999965146 [-8.625908378936584e-06]
0 17 221 9.408553433118951e-11 0.00871230300026582 [9.699769808154703e-06]
0 15 195 4.738726335186226e-11 0.0077034230002936965 [6.883840741320375e-06]
0 20 260 6.10823042858429e-11 0.009983186000226851 [-7.815516891789237e-06]
0 16 208 8.341411468227926e-11 0.008330586999818479 [-9.133132796706684e-06]
0 38 494 9.163930638213371e-11 0.01899073699996734 [9.572842126669263e-06]
0 15 195 1.92392540139446e-11 0.007820713000000978 [-4.386257403977177e-06]
0 13 169 9.01980421632753e-13 0.007149943000058556 [-9.497264983313633e-07]
0 17 221 6.4182170531146884e-12 0.008826128999771754 [-2.5334200309294723e-06]
0 15 195 1.2341926505845876e-12 0.0073317329997735214 [1.1109422354850803e-06]
0 15 195 7.221870021076427e-11 0.007685783999932028 [-8.498158636479098e-06]
0 17 221 7.184973997264248e-11 0.008574362000217661 [-8.476422592853809e-06]
0 19 247 3.897392012287448e-11 0.011349034999966534 [-6.242909587914475e-06]
0 20 260 2.8233129971374907e-12 0.015788745999998355 [1.6802717033674914e-06]
0 13 169 1.182953113537109e-12 0.01228736300026867 [1.0876364804184848e-06]
0 24 312 2.8915110917677066e-12 0.01876377100006721 [-1.7004443806745655e-06]
0 17 221 7.673402005044672e-11 0.01547022900012962 [-8.759795662596629e-06]
0 14 182 3.1798445387637814e-12 0.014507593999951496 [-1.783211860313794e-06]
0 15 195 8.19148278282474e-11 0.015827299999727984 [-9.05068106985587e-06]
0 24 312 5.97636998902681e-11 0.02225549900003898 [7.73069853831257e-06]
0 22 286 2.3099567381242318e-11 0.020257277999917278 [-4.806200930177838e-06]
0 14 182 8.646215591624011e-11 0.013023570999848744 [9.298502885746722e-06]
0 17 221 1.1287939218019178e-11 0.015377574000012828 [3.3597528507345862e-06]
0 22 286 6.307453439273723e-11 0.01713878200007457 [-7.941947770713254e-06]
0 16 208 1.1408853400778746e-12 0.01373002800028189 [-1.0681223432162977e-06]
0 16 208 6.617427180765e-11 0.01233917499985182 [-8.134757022041286e-06]
0 16 208 7.186727951486692e-11 0.011930023000331857 [8.477457137306382e-06]
0 21 273 4.67614604513696e-11 0.01412407699990581 [-6.838235185438535e-06]
0 26 338 1.0026860307742617e-11 0.017915823999828717 [3.166521799663255e-06]
0 12 156 5.55770726357127e-11 0.008750327000143443 [7.4550031948827965e-06]
0 20 260 7.904634458563792e-13 0.01396348600019337 [8.890801121700897e-07]
0 13 169 7.734912758403268e-11 0.007576711000183423 [-8.794835278959617e-06]
0 15 195 5.694319242095918e-11 0.009588925000116433 [-7.546071323606687e-06]
0 14 182 8.34566736815312e-12 0.008907023000119807 [-2.888886873547166e-06]
0 17 221 1.37167025104107e-13 0.011560160000044561 [-3.703606689486709e-07]
0 24 312 1.3415800276082321e-11 0.014053171999876213 [-3.662758560986831e-06]
0 18 234 2.6292992326645038e-12 0.009882665000077395 [1.6215114038034095e-06]
0 19 247 4.9741477962115825e-15 0.010391170000275451 [-7.052763852711632e-08]
0 22 286 2.204267454106939e-12 0.01205002599999716 [1.4846775589692662e-06]

