0 16 208 6.779218888709054e-11 0.01055632899988268 [-8.233601210107916e-06]
0 23 299 4.155727969478839e-12 0.01260461399988344 [2.0385602687874693e-06]
0 15 195 3.5400771683470372e-12 0.011923080000087793 [-1.8815092793677732e-06]
0 18 234 5.575370783530233e-11 0.009707558000172867 [-7.46684055242258e-06]
0 16 208 5.088818425418945e-11 0.00824609600022086 [7.133595464714091e-06]
0 20 260 8.695733514538385e-12 0.009857146999820543 [-2.948852915039742e-06]
0 19 247 8.047661561853388e-12 0.009727032000228064 [2.8368400663155807e-06]
0 13 169 1.6256505350223892e-11 0.007534106000093743 [4.031935682798511e-06]
0 23 299 3.6062362119777106e-11 0.011187835999862727 [6.005194594663616e-06]
0 12 156 5.496909588622513e-11 0.007837442999971245 [-7.414114639404029e-06]
0 18 234 8.114794368213428e-11 0.014665150999917387 [9.008215343903268e-06]
0 13 169 1.7083323666007479e-12 0.010185535000346135 [1.3070318919600806e-06]
0 17 221 3.118691340687161e-11 0.013595035999969696 [5.58452445664549e-06]
0 14 182 8.183373492756336e-11 0.008514323999861517 [9.046200026948517e-06]
0 16 208 1.547365357315471e-11 0.012733965000279568 [3.933656514383877e-06]
0 22 286 5.552005150200591e-11 0.013739801999690826 [7.451177860043734e-06]
0 20 260 2.197028855187947e-13 0.012236495999786712 [4.6872474387298427e-07]
0 16 208 1.0737526748947543e-12 0.011262583000188897 [1.0362203795017517e-06]
0 14 182 2.4674491318231503e-13 0.008912664000035875 [4.967342480464932e-07]
0 19 247 1.1117180502849828e-12 0.011773492999964219 [1.054380410613258e-06]
0 11 143 7.029159911804748e-11 0.009711055000025226 [8.384008535184556e-06]
0 21 273 8.874166176274683e-11 0.013416533000054187 [9.420279282629939e-06]
0 26 338 5.0544342127565015e-11 0.016063237999787816 [7.109454418418126e-06]
0 17 221 1.4175744953686143e-12 0.011883648000093672 [1.1906193746821921e-06]
0 14 182 8.718924008962701e-11 0.010441456000080507 [-9.337517876268137e-06]
0 17 221 1.7971702270380857e-11 0.011199698999917018 [4.239304455966905e-06]
0 26 338 4.3748937195290426e-11 0.015801470000042173 [6.614297936689156e-06]
0 13 169 1.9487451582151825e-11 0.007293760999800725 [-4.414459375977066e-06]
0 16 208 1.0563884287210292e-11 0.009854317999725026 [3.250212960285878e-06]
0 12 156 6.220489880150535e-11 0.007018562000212114 [-7.887008228821962e-06]
0 17 221 2.4841256381747132e-11 0.010151125999982469 [4.984100358314139e-06]
0 21 273 2.0800169533300275e-11 0.01146947999995973 [4.560720286676248e-06]
0 23 299 2.3955751647305503e-11 0.012435775999620091 [-4.89446132350696e-06]
0 33 429 8.084017736023186e-12 0.01682069899970884 [-2.8432407101797038e-06]
0 9 117 6.921652956212414e-11 0.005167503999928158 [8.319647201782306e-06]
0 15 195 2.008901228222586e-12 0.009465878999890265 [-1.4173571279753688e-06]
0 19 247 5.0063180340144765e-11 0.014490269000361877 [7.075533926153189e-06]
0 17 221 5.607344218541824e-11 0.013916424000399275 [-7.488220228159575e-06]
0 18 234 1.9465019370203258e-13 0.01530068299962295 [-4.4119178789051884e-07]
0 14 182 8.483558440802932e-11 0.013101876999826345 [9.210623453818385e-06]
0 16 208 2.0353930942155503e-12 0.01519789900021351 [1.4266720345670024e-06]
0 17 221 3.376107473778346e-11 0.015535031000126764 [5.810428102797888e-06]
0 18 234 5.304076607555897e-11 0.016870949000349356 [7.282909176665529e-06]
0 21 273 1.3953046820416839e-11 0.017876300999887462 [3.73537773463633e-06]
0 18 234 9.494418766326542e-11 0.015967107000051328 [9.74393081170353e-06]
0 17 221 9.893356335198187e-12 0.01558181499967759 [-3.1453706196882725e-06]
0 18 234 7.438293715013405e-12 0.015429376999691158 [-2.727323544248721e-06]
0 8 104 2.9024684203725317e-12 0.007939745999919978 [1.703663235610997e-06]
0 13 169 8.744737474119677e-11 0.011493665000216424 [-9.351330105455414e-06]
0 14 182 6.833425979614845e-15 0.012145390000114276 [-8.266453882781205e-08]

