0 103 1339 5.643856960684442e-11 0.052346813999974984 [7.512560788895117e-06]
0 17 221 1.2112288763220087e-11 0.009404691999861825 [-3.480271363445685e-06]
0 21 273 2.6025289110491147e-12 0.01107153599969024 [-1.6132355410940818e-06]
0 30 390 5.444315964885751e-13 0.015945499999816093 [-7.378560811490104e-07]
0 23 299 3.929754222836939e-11 0.012776491999829886 [6.268775177685781e-06]
0 17 221 3.4350549460396505e-11 0.009226080999724218 [-5.860934179838271e-06]
0 22 286 3.144933847776774e-11 0.011891517000094609 [-5.607970976901337e-06]
0 20 260 6.460639210362675e-13 0.010873697000079119 [8.037810155983205e-07]
0 16 208 8.094881689897863e-13 0.008479268999963097 [8.997156045049937e-07]
0 22 286 7.907946172556926e-12 0.011536850000084087 [-2.8121070698956195e-06]
0 18 234 3.016904332827881e-12 0.00944964499967682 [-1.7369238131904004e-06]
0 21 273 4.615108250031501e-12 0.010659988000043086 [-2.148280300619894e-06]
0 17 221 4.4878610497538354e-12 0.008958332000020164 [2.118457233402137e-06]
0 11 143 8.711379370698855e-11 0.006086077999952977 [9.33347704272039e-06]
0 18 234 4.6585749922704e-11 0.009621509999760747 [-6.825375441886256e-06]
0 13 169 9.027793835090283e-11 0.013481246999617724 [-9.501470325739214e-06]
0 17 221 4.079402616940133e-11 0.014291567999862309 [-6.387020132221389e-06]
0 19 247 2.5301028721911535e-12 0.0144229450002058 [1.5906297093262006e-06]
0 14 182 9.451492686415245e-11 0.012108420999993541 [9.721878772343978e-06]
0 24 312 9.284716584417079e-12 0.02227479500015761 [3.047083291348807e-06]
0 20 260 2.741715533620012e-11 0.017976454000290687 [-5.236139354161625e-06]
0 26 338 6.188676854207971e-11 0.024136587000157306 [-7.866814383349826e-06]
0 16 208 5.2066573040235034e-11 0.015104715999768814 [7.2157170842706295e-06]
0 21 273 4.059495666445697e-11 0.01936701600016022 [-6.371417162959664e-06]
0 21 273 7.139566089884341e-11 0.017846405999989656 [8.44959530976741e-06]
0 18 234 1.0036415159889371e-11 0.013952491999589256 [-3.1680301702934223e-06]
0 16 208 1.302483579220089e-11 0.011083993999818631 [-3.608993736791585e-06]
0 16 208 4.509938244917929e-11 0.01183824600002481 [6.7156073775332704e-06]
0 19 247 4.159280249219433e-12 0.012551686000279005 [-2.0394313543778406e-06]
0 17 221 2.0649624089409526e-11 0.009993570000006002 [4.544185745478449e-06]
0 23 299 8.034842320815757e-11 0.013750802000231488 [8.963728198029967e-06]
0 18 234 2.5295249964315096e-11 0.012282263000088278 [5.029438334875486e-06]
0 19 247 8.648538470972979e-12 0.010179228999732004 [2.9408397560854924e-06]
0 21 273 2.453226593236096e-12 0.011613392000072054 [1.566277942523643e-06]
0 19 247 6.240411569865113e-13 0.011077498000304331 [7.899627567085118e-07]
0 17 221 1.4950137135351645e-12 0.010330306000014389 [1.2227075339324463e-06]
0 22 286 4.293766657959532e-12 0.012282857000172953 [-2.0721405980192396e-06]
0 20 260 6.876740625211827e-11 0.012540543999875808 [8.29261154595573e-06]
0 19 247 2.960085396508186e-13 0.012854809000145906 [-5.440666683880006e-07]
0 18 234 8.775253883496597e-11 0.011612738000167155 [-9.367632509602732e-06]
0 16 208 2.1973406887872106e-11 0.012405902999944374 [4.6875800673558746e-06]
0 20 260 6.646260808273375e-11 0.012860037999871565 [-8.15246024723419e-06]
0 11 143 1.672919411236024e-11 0.0063202390001606545 [4.0901337523802615e-06]
0 19 247 6.605863755003202e-13 0.011582536999867443 [-8.127646495144337e-07]
0 10 130 4.416227414917647e-12 0.0071433079997405 [-2.101482194765791e-06]
0 17 221 7.822020214290149e-11 0.011722193999958108 [-8.844218571637716e-06]
0 23 299 2.949116119194185e-12 0.014798637000239978 [1.7172990768046738e-06]
0 12 156 5.9611621318864596e-12 0.007331411999984994 [2.441549125429685e-06]
0 19 247 6.1842982541833395e-12 0.012819665999813878 [2.4868249343657747e-06]
0 14 182 4.90125144686728e-11 0.008623976999842853 [7.000893833552455e-06]

