2 34 442 4.675700204136951e-11 0.038599939000050654 [-6.837909186393858e-06]
1 27 351 3.2940468165398166e-11 0.033310260999769525 [-5.73937872643008e-06]
1 39 507 2.8704669943113956e-12 0.04401603099995555 [-1.6942452580164996e-06]
1 26 338 7.904369511814405e-13 0.03500684900018314 [8.890652119959708e-07]
0 10 130 2.4570772648979334e-11 0.016580625999722542 [4.956891430017338e-06]
1 24 312 9.597431340165887e-11 0.0276270790000126 [-9.796648069705213e-06]
2 44 572 1.981072597963651e-11 0.0427555090000169 [-4.450924171409406e-06]
0 13 169 1.714775015596993e-11 0.01653226700000232 [-4.14098420136686e-06]
8 97 1261 5.070821352171742e-11 0.12188442400019994 [-7.1209699846100616e-06]
0 19 247 7.596072936435536e-11 0.018725441000242427 [8.715545270627384e-06]
3 38 494 5.536021499024185e-12 0.038738635999834514 [2.352875155851705e-06]
0 19 247 1.9020568141125032e-12 0.01840327799982333 [1.379150758297476e-06]
4 55 715 9.185847946607708e-11 0.06361681199996383 [-9.584282939587973e-06]
0 19 247 1.1464347958864067e-11 0.022630175999893254 [3.385904304445722e-06]
6 65 845 1.6409592796546668e-12 0.05726577199993699 [-1.2809993285145261e-06]
0 11 143 1.4568593822887946e-11 0.008317779999742925 [3.8168827363292086e-06]
1 27 351 4.79153037867731e-12 0.014770656000109739 [-2.1889564588354218e-06]
0 17 221 5.732883906007576e-11 0.01024286400024721 [-7.5715810145620026e-06]
2 48 624 8.818823104808333e-13 0.026478915000097913 [-9.390858908964788e-07]
1 21 273 2.318329965075871e-12 0.0113796089999596 [1.5226063066583795e-06]
0 12 156 2.312565397750358e-12 0.007389726000383234 [-1.5207121350703946e-06]
1 20 260 1.467346833399277e-11 0.010831190000317292 [3.830596341823655e-06]
0 19 247 3.538777688533987e-13 0.010611321999931533 [5.948762634812375e-07]
0 13 169 2.1816249596945763e-12 0.008160938999935752 [-1.4770324843058044e-06]
0 13 169 2.1568603708014247e-11 0.01073199399979785 [-4.644201083934055e-06]
0 17 221 1.1059438484576034e-11 0.015177850000327453 [-3.3255734068842976e-06]
0 22 286 6.041234738075708e-11 0.01378127099997073 [7.772538026974013e-06]
0 11 143 4.0520026598093054e-13 0.00893739100001767 [6.365534274363233e-07]
0 19 247 5.549968442689359e-11 0.011945015000037529 [7.449811032965439e-06]
0 17 221 4.586905967957612e-11 0.013000899999951798 [-6.772670055419511e-06]
1 28 364 9.037653927306457e-11 0.017699204000109603 [-9.50665762889695e-06]
4 50 650 7.187622781656839e-11 0.0337909260001652 [8.477984891267995e-06]
1 18 234 9.87269992962936e-12 0.012027029999899241 [-3.142085283634001e-06]
2 30 390 8.06442860871636e-11 0.019267364999905112 [-8.980216371956948e-06]
1 26 338 1.478021284741512e-12 0.016183066999928997 [1.2157389870944799e-06]
0 23 299 5.14123564551233e-11 0.012811903999590868 [7.170241031870777e-06]
4 62 806 2.4548571306532e-11 0.035069556000053126 [4.954651481843299e-06]
5 76 988 8.753342022039495e-13 0.05098087400028817 [9.355929682313508e-07]
0 15 195 1.648277394557065e-11 0.010402212999906624 [-4.0598982678843876e-06]
2 30 390 7.14174089020242e-11 0.02011280100032309 [8.450882137506368e-06]
0 14 182 1.965260010493619e-11 0.010814345000198955 [4.433125320238104e-06]
2 33 429 4.4622534356605665e-11 0.021936733000075037 [-6.680010056624591e-06]
0 16 208 8.113999481480946e-12 0.010272289000113233 [-2.84850829057613e-06]
1 22 286 8.06213124914751e-12 0.013162935999844194 [2.839389238753206e-06]
2 36 468 3.2232040718324196e-11 0.022154848000354832 [5.677326899018956e-06]
0 21 273 3.9248197323441575e-12 0.01111341200021343 [1.9811157796414014e-06]
0 14 182 4.31768399642989e-14 0.012240876999840111 [-2.0779037505211568e-07]
1 24 312 5.853699150812998e-11 0.014922022000064317 [7.650947098766922e-06]
1 30 390 2.280001934714657e-12 0.016568824000387394 [-1.5099675277020552e-06]
0 10 130 9.61459518061721e-12 0.005466216000058921 [-3.1007410695859804e-06]

