0 14 182 3.5541211336241217e-12 0.009187438000026305 [1.8852376862412128e-06]
0 18 234 1.4525279336366168e-11 0.00960592599994925 [3.811204446938811e-06]
0 17 221 3.283124006835307e-11 0.010124114000063855 [-5.729855152475765e-06]
0 15 195 4.0483824207922415e-11 0.008407912000166107 [6.362690013502341e-06]
0 20 260 9.304407053403359e-11 0.012318981000134954 [-9.645935441108529e-06]
1 29 377 1.3740268871545847e-11 0.017879469000035897 [3.7067868662152466e-06]
1 42 546 1.0237750654931877e-11 0.026431951000176923 [-3.199648520530322e-06]
2 29 377 8.215389826593016e-12 0.016830044000016642 [2.8662501332914084e-06]
0 22 286 8.025627787235435e-13 0.011967018999712309 [-8.95858682339767e-07]
1 27 351 3.029833704081156e-11 0.014356088999647909 [5.5043925224144e-06]
3 54 702 4.4723366092168897e-11 0.041404183999929955 [-6.687553072101103e-06]
0 16 208 3.9413443019815914e-12 0.009297809999679885 [1.9852819200258666e-06]
0 19 247 3.779432837657023e-12 0.019286100000044826 [1.944076345634868e-06]
2 46 598 8.16579229498285e-12 0.03232181000021228 [-2.8575850459755086e-06]
3 51 663 2.133593086244917e-11 0.033681952000279125 [4.619083335733311e-06]
2 37 481 3.5356605179086244e-11 0.023659325999688008 [-5.946142041617089e-06]
0 20 260 9.19946094434446e-11 0.014241166999909183 [-9.59138204032373e-06]
1 24 312 6.073226835554265e-11 0.015370405000339815 [-7.793091065523528e-06]
0 14 182 3.456340927874643e-11 0.0076326869998410984 [5.879065340574676e-06]
0 16 208 3.5288293087481e-11 0.00932844999988447 [5.9403950278984815e-06]
3 38 494 3.038394815866901e-11 0.021016397000039433 [-5.5121636549243535e-06]
0 20 260 8.258018033373016e-11 0.01125365099960618 [-9.08736377249916e-06]
1 31 403 4.117022550427802e-11 0.01713928199978909 [-6.416402847723795e-06]
3 46 598 6.148140425354784e-11 0.030574221999813744 [7.841007859551465e-06]
1 18 234 8.15111798803679e-11 0.009695267999632051 [9.0283542177059e-06]
0 11 143 4.262696528835997e-11 0.007266810000146506 [-6.528932936426899e-06]
0 17 221 4.4920051102520554e-11 0.014314448999812157 [6.702242244392585e-06]
1 38 494 1.6724239295131602e-11 0.024672385000030772 [-4.089528003954931e-06]
4 47 611 2.5318881800977518e-11 0.03552326599992739 [-5.031787137884264e-06]
1 39 507 9.635485062489673e-11 0.028811783000037394 [9.816050663321615e-06]
0 18 234 7.7644129655429e-11 0.010755102000075567 [8.811590642751682e-06]
2 39 507 3.5012015968426126e-11 0.021392933999777597 [5.917095230636915e-06]
1 33 429 9.367663120506534e-11 0.019037969000237354 [-9.678668875680444e-06]
2 48 624 8.10093655659268e-11 0.026730495000265364 [9.000520294178931e-06]
2 30 390 7.976659478667977e-12 0.016613276000043697 [-2.8242980506079695e-06]
1 32 416 5.868124421583637e-11 0.024476657999912277 [7.660368412539724e-06]
0 13 169 1.180090759472759e-12 0.009766548000243347 [1.086319823750243e-06]
1 23 299 3.0311158467499767e-11 0.014010774999860587 [-5.505557053332548e-06]
1 26 338 7.537062842288371e-11 0.017832272999839915 [8.681625908946072e-06]
1 32 416 9.001209300889075e-11 0.01966821299993171 [9.48747031662765e-06]
0 18 234 1.3801446903636175e-11 0.012154784999893309 [-3.7150298657798398e-06]
2 40 520 3.4804045240810748e-15 0.024228534000030777 [5.8994953378073574e-08]
0 17 221 7.377560813506314e-12 0.010656614000254194 [-2.7161665658619527e-06]
9 99 1287 1.491982441443527e-12 0.05210927300004187 [1.2214673313042503e-06]
0 18 234 8.197022374680596e-11 0.009315864999734913 [-9.053740870314655e-06]
5 72 936 7.666724019574559e-13 0.039369968000301014 [-8.75598310846621e-07]
3 58 754 2.4358185992787392e-11 0.037521462999848154 [-4.935401300075546e-06]
1 19 247 1.3755717897304164e-12 0.012888929999917309 [-1.1728477265742626e-06]
3 42 546 1.895384997236301e-14 0.027728183999897738 [1.3767298199851346e-07]
0 13 169 1.9665002114048224e-12 0.008812337000108528 [1.4023195824792658e-06]

