244 10000 130000 570.2937408964466 7.931949181000164 [3.579274230794109, 1.1044436730651808, 2.1177373186686252, 0.5564575477989112, 0.5965040821302625]
280 10000 130000 28.34324011512146 7.9758417160001045 [-0.06075024444833321, 3.1397118140557256, 0.034241964028458007, 0.20240496317828, 0.01730885804917498]
248 10000 130000 1.2846791641117336e-06 7.966823013000067 [-0.0001194403678180156, -0.00034868798597258307, -7.528974866358888e-05, 0.0001480574499992438, -8.329614930478576e-05]
291 10000 130000 365.7907655255161 7.907604988999992 [2.279384302974008, 6.114463739699415, 5.257983499839599, 1.1329550516600508, 0.4977838088412174]
285 10000 130000 1.0345739029664391 8.052544973000295 [0.05084147751564181, 0.5345069532535894, -0.16753060383918464, 0.029030334724058894, 0.0050894439269436875]
264 10000 130000 0.01633293689393111 7.964629156000228 [-0.05762510507984977, 0.017006444554713195, 0.013128160683564007, 0.0036467602854111554, -0.013288889237136467]
287 10000 130000 0.7782726730330154 7.9816813820007155 [0.2099834492837479, -0.047280111613464605, 0.11538321433235926, -0.0332065528364363, 0.10013659586449156]
272 10000 130000 0.44371935631653037 8.0032419019999 [-0.41360862332152715, 0.1976344410195008, -0.043239407331357074, -0.038772735260847735, 0.044196310858197474]
254 10000 130000 132.18739476243312 8.888193605999732 [5.321977619601588, 4.585345370063525, 0.3835966227287791, 0.5760027340744603, 0.7863859787198635]
292 10000 130000 4011.5735791806496 9.650727512999765 [3.64778117581101, -0.8349616320615264, 3.90470097791904, 2.1320221337645506, 0.47205690722446825]
298 10000 130000 527.3575245312605 9.662307150000743 [5.644140653290191, 2.4143099228773512, -2.4088023235556975, -1.268820781546011, -1.1317457343140658]
272 10000 130000 2.802895008618843 8.73600350400011 [-0.7006776629263958, -0.5900710081198058, -0.41461384066973667, -0.01942621813846556, 0.008146183912637463]
286 10000 130000 10563.268701180743 8.391501390000485 [0.705891487163858, 2.729965529743388, 6.561332625850888, 5.672622117967502, 6.477245439978885]
253 10000 130000 2904.6725625547565 8.804488611000124 [0.8558069869154052, -2.863477855511915, 1.069291829136486, 1.8938501784114454, 1.1820997991083546]
265 10000 130000 20.11584692028748 8.22240271100054 [4.34180780677909, 0.45313783847636996, -0.04997765744963248, -0.16738679125382844, 0.03422534126597616]
262 10000 130000 2396.615926203859 9.085025127000335 [3.4888269922476987, 4.965836599338115, 5.847468147542652, 4.518566525563744, 3.9025189797073496]
263 10000 130000 57.14349309231875 8.54129592999925 [4.712467965279136, -0.2210213306634079, -0.6372098154104235, 0.2950628388938133, 0.7048208159007986]
279 10000 130000 7735.918572968046 8.718271259000176 [-1.525282535240645, -0.010897840177952034, 2.229575870200248, -0.48507538415903684, 1.7738514158711796]
279 10000 130000 228.04307202449974 8.689038738999443 [-1.9541463413900257, 1.4342258404825936, 1.6268885484606723, -0.28902032880768413, -1.6053994877014377]
288 10000 130000 0.8796766621868208 8.23299711099935 [0.7599644488666248, 0.20025619162487263, -0.07025080487411633, 0.08350449181405831, 0.005922830597023032]
295 10000 130000 233.34427362680344 8.630989469999804 [-1.1362203557321575, 2.4325513847053637, 2.4352844575807615, 0.20518419578440728, 0.18046492828398264]
265 10000 130000 653.6713138584439 9.384339121999801 [2.447202584829773, 0.6116067768536242, 0.3632961404905677, 0.5083826150618052, 1.8316543186648493]
294 10000 130000 228.70361374795732 10.500284671999907 [6.280394585786349, 1.2322774562471266, 1.7461243842233745, -0.14833688187236477, 0.23146183753834249]
271 10000 130000 5316.323379115401 9.472073206999994 [-0.8640204865721135, 6.07143573699177, 3.8515693054715534, 6.609199994781499, -1.412878851965998]
278 10000 130000 61.14733318677987 8.412620988000526 [3.467221877249479, 0.7721427030852245, -0.4151546269043368, -0.11777926171322614, 0.26250207519740737]
304 10000 130000 2.0281089584497902 9.279821121999703 [1.392034676856642, 0.019383455651777667, 0.06750736133781887, 0.05001580350894255, 0.0014321302276456473]
271 10000 130000 1241.8802049871229 8.351684813000247 [6.552351356342297, 0.8263596747896751, 0.20391868742119423, 3.223615160057969, -0.7384073498047938]
265 10000 130000 1509.9237079651255 9.00233973000013 [4.6576223605199205, 6.519398162534793, 1.8337473066792263, 1.5596525547713938, 1.9812815892157154]
287 10000 130000 403.5236252615069 8.853773433000242 [0.19629942301869718, 0.5408800936361795, 5.72599492786144, -2.4790955439217024, 0.5230913188459103]
294 10000 130000 114.9240361727708 8.255202616999668 [-0.4364540086752806, 1.8031729471687843, 1.1502393822587371, 0.8805208624004782, 1.1460539644127008]
292 10000 130000 1167.0918029529746 8.76715600999978 [4.4400179724123205, 6.631197387701924, 2.0546898166462375, 1.3603717586120236, 1.4365531927458322]
269 10000 130000 0.4753233137346221 8.003020784999535 [-0.4845480036042105, 0.09288018252009062, 0.12022493212151839, 0.014849766558211214, -0.040815617785705964]
320 10000 130000 1.040511776730854e-05 8.497219563000726 [-0.0008070452126819904, -0.00010195699554204633, -0.00027548683449856576, -6.063879683641697e-05, -0.0003887122209218411]
294 10000 130000 6.24334423159471 8.054498108000189 [1.5304759531424896, 0.023475156363704813, 0.2086093623075582, -0.4066075001765135, -0.003141425824879057]
8 285 3705 1.8233132488558777e-11 0.21502493400021194 [-8.099804188785754e-07, 2.5728513160702787e-07, 1.6233891805285237e-07, 7.400621962580011e-07, -2.9982747383386905e-07]
258 10000 130000 40.28598589951593 8.776562730000478 [2.944871915820926, 1.585367340889093, 0.9298813610233024, 0.9113927909861229, 0.022233227314114555]
270 10000 130000 1812.078240442412 11.49213624099957 [1.9592858964400341, 5.960459002510323, -2.6713376399001647, 0.2080432006046891, -2.3102021781525335]
262 10000 130000 0.000153387247581714 8.023811747000764 [-0.010867831495445365, -0.00040925427444382786, -0.001283553919549229, -0.0004453857024013819, 0.0005446243501948547]
270 10000 130000 0.6331462995034943 9.052479218000371 [0.11994502935033291, 0.3973153588002987, -0.12213948335331964, -0.04220871763108459, 0.020672103370786676]
288 10000 130000 9239.805436452503 8.21125907899932 [5.251913615288837, 5.827159942108301, 5.961626962572204, 4.458747400112446, 2.4036023449495088]
266 10000 130000 0.00011476607116272695 8.609536386999935 [-0.0018229592892859792, 0.0022476755144016968, 0.003250415839481816, 0.0004745632839882109, 0.00042308325958300926]
279 10000 130000 7.766367634082404 8.63561673499953 [-0.32738126289791447, -0.7657865181969994, -0.6617095025353388, -0.2537327248842033, -0.14441104318055367]
280 10000 130000 547.9300447806372 9.165276539000843 [0.9450159002378955, 1.66486361519723, -0.7654029264800628, 2.548925327649514, 1.366631533857104]
323 10000 130000 34.673419901033924 8.412047501000416 [1.8119389109234874, 0.3469603938906728, 0.4601038177604194, 1.1569376029808396, 0.09827998901553812]
275 10000 130000 6024.823327569954 8.841136576999816 [2.707580251459923, 4.1875108255241456, -2.67671958313285, 1.473498165916334, 0.5567833492878156]
288 10000 130000 0.018598503929065827 8.462769685999774 [-0.1003888462772543, -0.03877145617152109, 0.018301775184505008, -0.006691271273608008, -0.0036064687295749567]
270 10000 130000 242.9601821039941 8.30308204999983 [1.1904704854705672, 5.674741858886758, 0.8706339420083753, 1.1771658907598965, -0.05386880281938522]
291 10000 130000 793.011325201231 10.361065710999355 [-1.6743755181285238, 0.9370297727156583, 4.712820308704364, 0.7512383972447397, 3.061637975741692]
280 10000 130000 19.11884453100949 8.440032586000598 [0.2272056090662428, -2.231360666578884, 0.8059395573889967, 0.07371662276073027, -0.03336223372387814]
298 10000 130000 227.32241081012262 8.290329121000468 [1.1821715739114753, 3.301398404990924, 1.4441887492737688, 0.9033115814914909, -0.262367008295076]

