28 895 11635 3.76973040035493e-11 0.5960761310002454 [-5.7621328387243785e-06, 2.2042655800480567e-07, -2.002311283917908e-07]
48 1201 15613 1.4423886244984909e-11 0.8296839919999002 [9.244408907676218e-07, -1.3595231265254091e-07, -3.658478504967049e-07]
21 714 9282 5.742610947292929e-11 0.4548791570000503 [-1.8936261661217375e-06, 2.021805693833334e-06, -3.600459245671236e-07]
0 69 897 1.4975731436220088e-11 0.050746159000027546 [2.0205958181184174e-06, -8.524500642046961e-07, -1.90426176152244e-07]
56 1501 19513 9.31117538060986e-11 0.9686454319999029 [6.213750168993225e-07, 2.8671818405138627e-06, -3.2431974698971635e-07]
54 1374 17862 9.013444571225001e-11 0.8971583449997524 [2.3251182597686843e-06, 5.682820936497144e-08, -9.203041689384221e-07]
0 67 871 1.861407387148845e-12 0.04815306299997246 [4.141860395050909e-07, -3.298233273777676e-07, -7.759014363967318e-08]
79 2090 27170 3.835717887064726e-11 1.413365870999769 [-5.961923206309769e-06, 3.717615982323541e-08, -1.6729703775381869e-07]
18 572 7436 8.837348823368683e-11 0.5162015669998254 [-6.521430266642869e-06, 1.590169607143332e-06, 4.534097673868238e-07]
3 174 2262 9.686636975177753e-11 0.192159040000206 [-4.921971466519035e-06, -1.577877413154844e-06, -6.909674038991113e-07]
53 1756 22828 6.14091400326291e-11 1.4407225859999926 [6.936813647503215e-06, -6.517305958583808e-08, -3.6396814662116324e-07]
16 583 7579 7.258936154657422e-11 0.4027140650000547 [1.1247163196645592e-06, -2.5305919320740353e-06, -2.699151622282901e-07]
47 1431 18603 6.571544604715683e-11 0.9174203840002519 [-6.950341159709467e-06, 9.367002302555059e-07, -2.938389116029073e-07]
98 2974 38662 2.9131832718352564e-13 1.8932452409999314 [2.4685910477021045e-07, 1.0030589545049025e-07, -3.602307357157757e-08]
5 138 1794 8.55807449331893e-11 0.09456184600003326 [2.4226449488302883e-07, -1.5841991226267265e-06, -7.773363766503885e-07]
53 1642 21346 9.529316747607311e-11 1.0445206980002695 [-1.965772459257011e-06, 9.689632587077425e-07, -9.05759394912603e-07]
54 1525 19825 4.050929291751888e-11 0.9537141650002923 [-1.3323818882624554e-06, 1.7893507226804154e-06, 2.591580856114622e-07]
32 999 12987 9.634582270244821e-11 0.6509416280000551 [9.801392125249255e-06, -1.0778193580896379e-08, -5.266625247551169e-08]
108 3798 49374 2.5775377907397746e-11 2.522081774000071 [-3.543189554775864e-07, -1.5264757896249272e-06, 1.5324988163377352e-07]
55 1744 22672 6.497008915787182e-11 1.153567890999966 [-4.987444275184476e-06, -1.8649243728209302e-06, 2.305658169891198e-07]
13 599 7787 3.2268636620452374e-11 0.41213467299985496 [-2.671185025649548e-06, -1.3898122828826402e-06, -2.411975406732712e-07]
44 1439 18707 9.886777744976456e-11 0.9266588979999142 [-7.2121705890374915e-06, 2.1408584711597783e-06, -1.0097637887255208e-07]
21 636 8268 9.67744829975434e-11 0.4183096269998714 [-7.419847717115083e-07, 4.342131239983116e-07, -9.712802439335823e-07]
32 1099 14287 1.5619649230601616e-11 0.7173454909998327 [-5.75180365851445e-07, 6.887498156097899e-07, 3.2473148434230116e-07]
197 6139 79807 4.9901665248306774e-11 3.9811774380000315 [1.2486199564143763e-06, 2.181583864591797e-06, -8.657550867755418e-08]
45 1255 16315 9.836697946908565e-11 0.8288686200003212 [8.72893128858945e-06, -1.1419386240480246e-06, 3.0220026170145545e-07]
94 2839 36907 6.899252879312357e-11 1.8817901550000897 [3.929314473349602e-06, 1.4653872590273024e-06, 5.66386955830141e-07]
51 1601 20813 7.991495640506549e-11 1.0231378409998797 [1.3657410086866341e-06, 1.367038869590648e-06, 7.704658019181666e-07]
30 1001 13013 7.490277414748199e-11 0.6777168340004209 [2.3929312665468577e-06, 2.6301254089058105e-06, -3.251823096161402e-09]
2 109 1417 4.323424409250085e-11 0.06789407999985997 [2.9654729862396314e-06, -8.962143705306723e-07, 5.138892106371467e-07]
120 3540 46020 7.035394822648347e-11 2.5017123640000136 [4.247795449725713e-06, 2.2414813178463125e-06, -1.4379836790563978e-07]
41 1293 16809 4.736728926939795e-11 0.8252754549998826 [4.017084299100343e-07, -1.2164138901470992e-06, -5.692915956283666e-07]
15 691 8983 9.093308983138036e-11 0.4426563319998422 [-7.782831320726048e-06, 2.2711416535299362e-07, 5.4630410966298e-07]
3 123 1599 4.197125508875384e-11 0.07913660499980324 [-1.4342348276280393e-06, -6.924241483319398e-07, -5.92618878673642e-07]
78 2195 28535 5.108179946828152e-11 1.416211833000034 [1.6906323533964448e-07, -2.089503896849339e-06, 2.7189982973978276e-07]
21 624 8112 4.643042890301482e-11 0.41456115700020746 [-5.41375838689906e-07, 3.4288224401639273e-07, 6.705345537083116e-07]
27 906 11778 9.973526020406725e-11 0.6132705449999776 [-9.93645652537226e-07, 1.8892698773264513e-06, -7.94068774272922e-07]
2 102 1326 9.752225858668244e-11 0.06328791599980832 [2.660478051935583e-06, -1.5951020656850734e-06, 8.062295524372918e-07]
97 3226 41938 7.964439880094975e-11 2.0511142129998916 [3.964452337600287e-06, -2.3420209442158697e-06, -3.012788647148589e-07]
17 628 8164 5.7023965062693184e-11 0.42421151700000337 [-4.862224649459993e-06, 1.2728030883837365e-06, -4.145173036543234e-07]
95 3226 41938 7.874457941252552e-11 2.0563486510000075 [-2.769708809338714e-06, 2.264671919125874e-06, -4.448134835099353e-07]
5 264 3432 3.466788962228984e-11 0.17327889299986055 [2.670610722709668e-06, 1.638080333100043e-06, -8.382459144824433e-08]
78 2297 29861 3.6572418786774006e-11 1.4906697149999673 [-3.4545477069114385e-06, 8.712358648184752e-07, 4.1289223298564193e-07]
4 320 4160 1.4501416429982708e-11 0.21857692399998996 [2.49807332950771e-06, 5.963662383744875e-07, 2.1689903567456474e-07]
29 822 10686 2.267632822874268e-11 0.5420309969999835 [-2.3461078395498654e-06, 1.0858479752574115e-06, -2.319794814253869e-07]
28 1043 13559 5.221800642713076e-11 0.7082054289999178 [-6.392573490743634e-06, -2.7177892414031596e-07, 3.2579706500372034e-07]
34 1189 15457 8.860078591507033e-11 0.7655522159998327 [-1.8993066679689256e-06, 2.0651849316554542e-06, -6.507190797626245e-07]
34 1020 13260 7.39162370207869e-11 0.647558047000075 [7.5146339954593474e-06, -9.16930284972043e-07, -3.0064765856537904e-07]
6 278 3614 9.444749121598644e-11 0.18083097700036888 [-4.907846487582603e-07, -3.0579306773331145e-06, 8.349978268115837e-08]
49 1624 21112 8.014161226666617e-11 1.0633867480000845 [7.807945091046704e-06, -1.3406818671468172e-06, -1.0969626397025062e-07]

