0 19 247 1.605714298080911e-11 0.0129311790005886 [4.0071365063857145e-06]
0 14 182 3.6725718153963633e-11 0.010334667000279296 [6.060174762658552e-06]
1 26 338 1.580788007824807e-13 0.015474948999326443 [3.9759124837259775e-07]
3 38 494 3.750822569352748e-11 0.02292051799940964 [6.124395945195533e-06]
0 10 130 3.214097775667531e-13 0.006232325999917521 [-5.66930134643373e-07]
2 26 338 4.509865989343566e-11 0.0172880370000712 [-6.715553580564722e-06]
3 35 455 2.562201799806349e-12 0.022267035999902873 [-1.6006879145562226e-06]
0 14 182 2.6736635391493914e-11 0.008461559999886958 [-5.170748049508302e-06]
2 36 468 9.844557227357709e-12 0.02129350199993496 [-3.1376037396965393e-06]
1 27 351 2.4322919091937117e-11 0.01790036400052486 [-4.93182715552128e-06]
0 13 169 3.83262562269579e-11 0.007622299000104249 [-6.190820319388853e-06]
0 14 182 4.1146725452734714e-11 0.009862195000096108 [6.414571338190473e-06]
0 12 156 7.137251679060491e-11 0.007332295000196609 [-8.448225659308877e-06]
0 13 169 3.327811910499622e-11 0.008693632000358775 [5.768719017684621e-06]
0 5 65 4.497913837926256e-11 0.0037586339994959417 [6.706648818841088e-06]
4 49 637 3.2398619079878996e-12 0.037801075000061246 [1.7999616406990176e-06]
1 12 156 2.2244755990312926e-13 0.01115687999936199 [-4.7164346693570267e-07]
0 20 260 1.968649649902454e-12 0.013815496999995958 [1.4030857599956083e-06]
1 25 325 2.1903975017184384e-12 0.01713282800028537 [1.4799991559857183e-06]
1 28 364 5.2619370239934005e-11 0.020893543000056525 [-7.253921025206575e-06]
3 55 715 2.2186672036170345e-12 0.037952713999402476 [1.48951911824489e-06]
1 25 325 6.112375308938518e-12 0.019845454999995127 [-2.4723218457430897e-06]
1 31 403 2.524427341058658e-11 0.019425311999839323 [5.024367961304843e-06]
0 24 312 2.5397501144200405e-11 0.015171925000686315 [5.039593351075105e-06]
0 13 169 8.424589753361024e-11 0.007841792999897734 [-9.178556397038166e-06]
2 26 338 1.30046745409479e-12 0.01827783000044292 [-1.1403803988559212e-06]
0 16 208 1.6253579585037767e-11 0.010161272000004828 [4.031572842581139e-06]
1 23 299 4.072638162012612e-12 0.015223845000036818 [2.018077838442465e-06]
1 26 338 3.2909449501548534e-12 0.017922590999660315 [-1.8140961799625877e-06]
3 51 663 5.143372957762239e-13 0.030123870000352326 [7.171731281749365e-07]
2 37 481 2.223182045554168e-11 0.02394638900022983 [4.715063144385415e-06]
4 52 676 3.3810532667530135e-11 0.04197876899979747 [-5.814682507887265e-06]
5 73 949 2.4504777523702076e-11 0.04303576399979647 [-4.950230047553555e-06]
1 35 455 1.042999960060686e-11 0.020937817999765684 [-3.22955099055687e-06]
2 34 442 3.420579510056286e-11 0.019718491999810794 [5.848572056541909e-06]
0 9 117 2.1683875889418238e-11 0.007103568999809795 [-4.656594881393295e-06]
2 46 598 3.481491795374819e-11 0.03345234599964897 [5.900416761021902e-06]
1 34 442 1.3928767039157969e-11 0.02466035500037833 [3.7321263428718445e-06]
6 72 936 5.629139975296224e-11 0.046189884999876085 [7.502759475883672e-06]
2 28 364 2.1527599559785984e-11 0.02200688899938541 [4.639784430314191e-06]
6 74 962 3.730038094390405e-11 0.048387162000835815 [6.107403780977974e-06]
0 17 221 2.5183648560048815e-11 0.009433768000235432 [-5.018331252522975e-06]
4 59 767 9.669499130578117e-12 0.04253282400077296 [3.109581825676584e-06]
1 22 286 2.528535338115756e-11 0.013967580000098678 [5.0284543729815785e-06]
1 32 416 4.248315336184429e-11 0.02018542499990872 [6.517910198970548e-06]
0 14 182 2.647481693631732e-11 0.011096271000496927 [-5.145368493734664e-06]
10 131 1703 2.4859139179391625e-11 0.08638406699992629 [4.98589402007219e-06]
0 21 273 1.0295561802400035e-11 0.011584941999899456 [3.208669787061304e-06]
1 31 403 7.293315397113698e-11 0.01782485900002939 [-8.540090981432047e-06]
2 34 442 4.6793797632649176e-11 0.019504055999277625 [6.840599215905663e-06]

