0 11 143 1.0794696808210077e-11 0.007324570000037056 [3.2855283910217665e-06]
0 10 130 4.8553600542744775e-11 0.005814147999899433 [-6.968041370625233e-06]
0 14 182 3.201807075907718e-13 0.007379805000255146 [-5.658451268596132e-07]
0 10 130 5.891371858971433e-11 0.005638420000195765 [7.675527251577857e-06]
0 15 195 7.009096387252362e-12 0.008045577999837406 [2.6474698085629536e-06]
0 13 169 9.606062819526668e-15 0.00685185200018168 [9.80105240243448e-08]
0 20 260 4.7265528268639433e-11 0.010328167999887228 [6.874992964988359e-06]
0 16 208 2.2672833220093002e-13 0.008424231999924814 [-4.7615998593007584e-07]
0 11 143 9.460992636470577e-11 0.006168591000005108 [-9.726763406432058e-06]
0 21 273 8.593142531336378e-12 0.010931938999874546 [-2.9314062378552e-06]
0 16 208 3.819632232140725e-12 0.008676020000166318 [1.9543879431015545e-06]
0 12 156 2.5706516647116925e-11 0.006792812000185222 [5.070159430147826e-06]
0 14 182 9.961707693423157e-11 0.0074520729999676405 [9.980835482775556e-06]
0 14 182 9.466018254570032e-12 0.007484515999749419 [3.076689495963158e-06]
0 20 260 2.2159448941668987e-11 0.01069724800026961 [4.7073823874494185e-06]
0 12 156 5.854095800793604e-14 0.006709104999572446 [2.419523878946766e-07]
0 9 117 1.6239732767447183e-12 0.005217723999976442 [1.2743521007730627e-06]
0 21 273 2.7058816970085917e-13 0.01084917799971663 [-5.201809009381825e-07]
0 15 195 2.3152348884157104e-11 0.00835705899999084 [4.811688776734953e-06]
0 17 221 1.92529431770894e-13 0.009188460000132181 [4.387817587034516e-07]
0 18 234 7.553400921944082e-11 0.009662423000008857 [8.691030388822767e-06]
0 12 156 5.8089552259298875e-12 0.00680767600033505 [-2.4101774262344023e-06]
0 13 169 2.6818719911074995e-12 0.006780715999866516 [1.6376422048504672e-06]
0 16 208 4.597147583642672e-11 0.008361390000118263 [-6.78022682780058e-06]
0 14 182 2.041225380434676e-11 0.007693259999996371 [4.5179922315500675e-06]
0 15 195 4.190070414679398e-11 0.007899213999735366 [-6.473075323738631e-06]
0 19 247 6.788988652719592e-13 0.011980590000348457 [-8.239531936171855e-07]
0 17 221 5.976022798021738e-12 0.010182079000060185 [-2.444590517453125e-06]
0 11 143 6.556894015769187e-11 0.00671252199981609 [8.097465045166412e-06]
0 360 4680 9.423694034206637e-13 0.1684262620001391 [9.707571289569105e-07]
0 15 195 3.4785718380936964e-12 0.009386906000145245 [1.8650929837661436e-06]
0 20 260 1.7087148449207918e-12 0.015006855000137875 [1.3071781993748182e-06]
0 18 234 5.6682369111386444e-11 0.012250617000063357 [-7.528769428757029e-06]
0 24 312 5.2648716050223346e-11 0.015709068999967712 [-7.255943498279417e-06]
0 13 169 6.437663753456891e-11 0.00891392099993027 [8.023505314671943e-06]
0 18 234 4.8981484571854195e-12 0.012460465000003751 [-2.2131761017111628e-06]
0 13 169 9.232964687951404e-12 0.009154501000011805 [3.0385793864816835e-06]
0 15 195 6.793799037900279e-11 0.009591985000042769 [-8.242450508131837e-06]
0 19 247 9.623464112278786e-11 0.010522317999857478 [9.809925643081494e-06]
0 20 260 2.0664765981483062e-13 0.011993126000106713 [4.545851513356223e-07]
0 17 221 1.2594152900428433e-11 0.008919991999846388 [3.5488241574398177e-06]
0 18 234 3.682982051577304e-11 0.010046105000128591 [-6.068757740738465e-06]
0 18 234 1.0835776121169282e-11 0.009602933000223857 [-3.291774008216433e-06]
0 13 169 8.265343361157503e-11 0.007141264999972918 [-9.091393381191633e-06]
0 12 156 8.80476444314415e-12 0.006401041000117402 [2.9672823329006207e-06]
0 11 143 9.850262775221732e-12 0.00610565500028315 [-3.1385128285896383e-06]
0 13 169 1.2200077542243778e-11 0.006974045999868395 [-3.4928609394368648e-06]
0 14 182 4.0982530645766376e-11 0.00735417999976562 [-6.401759964710203e-06]
0 19 247 6.510347652772715e-12 0.009606105999864667 [2.551538291457276e-06]
0 55 715 6.045886942806671e-11 0.02603803900001367 [-7.775530170224196e-06]

