0 15 195 8.11869804857366e-11 0.013266832000226714 [9.010381816867508e-06]
0 26 338 5.587848153604052e-11 0.02019844500000545 [-7.475191070202856e-06]
0 17 221 1.8988531540214084e-12 0.01056322900012674 [1.3779888076546226e-06]
0 24 312 1.3757115268058971e-12 0.013357766999888554 [-1.1729072967655615e-06]
0 14 182 5.006727430459449e-11 0.007709236999744462 [7.075823224515611e-06]
0 19 247 1.4898844285073826e-11 0.010442139000133466 [3.859902108224226e-06]
0 19 247 1.038724256525588e-11 0.010553185999924608 [-3.222924536078355e-06]
0 21 273 2.6052340140940696e-12 0.011934463000216056 [-1.6140737325457191e-06]
0 22 286 9.074984115031544e-12 0.012710509000044112 [-3.0124714297452755e-06]
0 18 234 3.155976534979068e-11 0.011124500000278204 [5.61780787761478e-06]
0 18 234 2.3776934815721945e-12 0.012522438999894803 [1.5419771339329888e-06]
0 24 312 8.28496051993844e-11 0.014195707999988372 [-9.102175849728701e-06]
0 19 247 1.0913790437624645e-11 0.011845314000311191 [3.3036026452381715e-06]
0 20 260 7.854294011887884e-11 0.017163929999696848 [-8.862445493140076e-06]
0 14 182 4.6252578313669916e-11 0.008756469000218203 [-6.800924813116957e-06]
0 14 182 4.5285079623118854e-11 0.008389907000037056 [6.729418966234667e-06]
0 15 195 2.1351603969530102e-11 0.010534343000017543 [-4.620779584608002e-06]
0 16 208 5.652555037511238e-13 0.010659375000159343 [7.51834758275463e-07]
0 19 247 1.7116943324365637e-11 0.01345302299978357 [-4.137262781642669e-06]
0 18 234 2.2855710714459005e-11 0.01282467999999426 [4.7807646579244e-06]
0 15 195 1.3129760268460613e-11 0.01110795699969458 [-3.6235011064522407e-06]
0 15 195 8.070063580182613e-11 0.010265763999996125 [-8.983353260438227e-06]
0 16 208 7.2382832183764175e-12 0.011974278999787202 [2.690405772067927e-06]
0 22 286 1.1052119407303947e-11 0.015708890999576397 [-3.3244728014083597e-06]
0 16 208 3.92683975050639e-11 0.010862876999908622 [6.266450151805558e-06]
0 19 247 9.089756389675639e-11 0.012299897000048077 [9.534021391666603e-06]
0 24 312 5.7443690048118145e-11 0.014873707999868202 [-7.579161566302578e-06]
0 24 312 1.6246664121217624e-11 0.014113398000063171 [-4.030715088072788e-06]
0 20 260 2.41237840372539e-11 0.012102719999802503 [4.911596892788933e-06]
0 19 247 1.8401724847889233e-11 0.015564892999918811 [4.28972316681266e-06]
0 19 247 3.7145166493415404e-11 0.01635852400022486 [6.094683461297675e-06]
0 18 234 1.0100594930591398e-12 0.010825457999999344 [1.00501716057943e-06]
0 16 208 4.307608571303194e-12 0.009903929999836691 [2.075477913952156e-06]
0 14 182 5.860210936219334e-11 0.010756832999959443 [7.655201457975704e-06]
0 18 234 4.532975993365528e-13 0.010761088999970525 [6.732737922543494e-07]
0 14 182 7.508665346893304e-12 0.009928375999606942 [2.7401943994711953e-06]
0 10 130 5.404142366941074e-11 0.005938013000104547 [-7.351287211734469e-06]
0 16 208 6.996528837230173e-11 0.0092805170002066 [8.364525591586275e-06]
0 23 299 1.81277830438392e-12 0.014463775999956852 [-1.3463945574696594e-06]
0 19 247 2.950904333440023e-12 0.014986436999606667 [-1.7178196452014463e-06]
0 22 286 7.331362380582027e-12 0.018304843999885634 [2.7076488658210517e-06]
0 24 312 5.45292599738276e-13 0.018749447999653057 [7.384392999687083e-07]
0 15 195 8.475845154554396e-15 0.01181455999994796 [9.206435333262487e-08]
0 25 325 8.384277205499174e-11 0.016584560999945097 [-9.156569884787193e-06]
0 21 273 8.261985520055358e-11 0.014539392999722622 [9.08954647936593e-06]
0 17 221 1.002353444419412e-12 0.011022420000244892 [1.0011760306856193e-06]
0 18 234 1.0439470457793277e-11 0.010712034999869502 [-3.2310169386422715e-06]
0 15 195 6.895375875671284e-11 0.009160542999779864 [8.303840000669139e-06]
0 15 195 2.9165357347038233e-12 0.009401395000168122 [-1.7077867942760956e-06]
0 20 260 7.277648356294783e-11 0.012160791000042082 [8.530913407305681e-06]

