1 19 247 4.694932413619928e-11 0.01207196900031704 [6.851957686398777e-06]
0 18 234 1.3570845491348934e-13 0.012134630999753426 [-3.683862849150187e-07]
0 18 234 8.288004640849351e-11 0.01179749999937485 [9.103847890232652e-06]
1 14 182 1.4192811355960643e-12 0.008185233999938646 [1.191335861793837e-06]
2 55 715 7.849574980690893e-12 0.032273873000121966 [-2.801709296249504e-06]
0 18 234 5.4460506711236154e-11 0.011186377999365504 [7.379736222334519e-06]
2 40 520 2.2999517896613016e-11 0.022455358000115666 [-4.795781260296701e-06]
2 44 572 6.519309977953771e-13 0.02770991400029743 [8.07422440730611e-07]
0 16 208 6.623532236670242e-11 0.010397181999906024 [8.13850860825879e-06]
1 31 403 1.95360347561151e-11 0.0193276939999123 [-4.419958682625336e-06]
1 21 273 1.0785093532343226e-11 0.01247460700051306 [3.284066615089168e-06]
1 23 299 1.2316490420754978e-12 0.01353748900055507 [1.1097968472092079e-06]
1 24 312 1.4412554135063115e-14 0.014856405000500672 [1.2005229750014414e-07]
2 35 455 5.030900338657558e-13 0.02619260600022244 [-7.092883996413277e-07]
3 42 546 8.8081742206048e-11 0.0291929800005164 [-9.38518738257516e-06]
0 13 169 3.1062626186824064e-11 0.009315643000263663 [-5.5733855228957616e-06]
2 30 390 2.389200783799461e-11 0.019717857000614458 [-4.887945154969991e-06]
1 23 299 1.4116351949640443e-12 0.014694090999910259 [-1.1881225504820807e-06]
0 16 208 3.233215886461795e-11 0.01076853700033098 [5.686137429276393e-06]
2 26 338 3.3551975275832015e-11 0.01637316800042754 [5.792406691163183e-06]
2 42 546 1.0967363302748467e-12 0.023682807000113826 [-1.0472517988883317e-06]
1 42 546 8.67416548369544e-12 0.026489502000003995 [2.9451936241434856e-06]
0 25 325 2.3403602910664168e-11 0.013769017000413442 [4.83772703970203e-06]
0 16 208 5.9206413815544775e-12 0.008862058999511646 [-2.4332368116470862e-06]
1 30 390 9.052982036624332e-12 0.021212771000136854 [3.0088173817339483e-06]
1 28 364 3.797098501871153e-11 0.018173346999901696 [-6.16206012780722e-06]
2 40 520 1.3126857567695932e-11 0.025086417000238725 [-3.623100546175324e-06]
0 23 299 2.888223072543251e-12 0.01550352800040855 [-1.6994772939181186e-06]
0 18 234 9.926267045476341e-11 0.012090864000128931 [9.963065314187367e-06]
1 20 260 1.9573769790343052e-11 0.012396651999551977 [4.424225332229706e-06]
4 56 728 1.8864623464095977e-11 0.030574024000088684 [4.343342429983615e-06]
1 30 390 8.660843300791487e-12 0.025417012999241706 [-2.9429310730615977e-06]
3 52 676 3.1294048360900084e-11 0.03325029799998447 [-5.594108361562197e-06]
1 17 221 2.8374637179157966e-11 0.011500976999741397 [-5.3267848820050885e-06]
10 113 1469 3.217104212168558e-11 0.07509444900006201 [5.671952231964368e-06]
1 24 312 5.480128883715265e-13 0.015702423000220733 [-7.402789260620125e-07]
0 21 273 9.194658250161663e-11 0.014155335000396008 [-9.588878062714982e-06]
5 61 793 8.152177926732153e-11 0.034903490000033344 [-9.028941204112558e-06]
0 16 208 5.41095865932693e-11 0.012136705000557413 [-7.355921872428316e-06]
5 61 793 4.792565234094387e-12 0.038408983000408625 [2.1891928270699197e-06]
1 32 416 2.065566841834777e-11 0.019882309000422538 [-4.544850758644091e-06]
0 13 169 4.5473448000828485e-11 0.01005234400054178 [-6.743400329272205e-06]
0 19 247 4.5578955519503924e-11 0.014827080000031856 [-6.751218817332462e-06]
0 18 234 1.3499131243739984e-12 0.013445108000269101 [1.1618576179437816e-06]
0 27 351 4.115615372397749e-12 0.01866577100008726 [-2.0286979500156618e-06]
0 21 273 3.9065729730180755e-13 0.016124757999932626 [6.250258373073929e-07]
1 31 403 8.835517848092793e-11 0.020384272999763198 [9.399743532720876e-06]
2 45 585 4.856980580272322e-11 0.02753431000019191 [6.9692041010952765e-06]
0 14 182 4.401087100910494e-11 0.007383739000033529 [-6.634068963246082e-06]
0 14 182 8.10152679662537e-11 0.008699016000718984 [9.000848180380208e-06]

