4 52 676 7.960953888519844e-12 0.030748407999453775 [-2.8215162392798387e-06]
2 27 351 2.54364285084528e-11 0.01602147799985687 [-5.043454025611099e-06]
1 29 377 4.507600460321755e-11 0.015970239999660407 [6.713866591109593e-06]
2 22 286 2.322762754796672e-11 0.013722740000048361 [-4.8195049069346034e-06]
0 20 260 9.737583001601542e-11 0.01194900299924484 [-9.867919234368278e-06]
0 18 234 3.9368640472252326e-11 0.011395814000024984 [-6.274443439242426e-06]
0 27 351 3.4182843739023546e-11 0.01608419399963168 [5.8466095935185845e-06]
0 15 195 2.8854827357991885e-11 0.009976342000300065 [-5.371668954616608e-06]
0 19 247 5.387760139451672e-12 0.011052814000322542 [2.3211549150049576e-06]
0 15 195 7.447963016491883e-11 0.012626977000763873 [8.630158177282664e-06]
1 28 364 8.676776549551545e-13 0.01694583600055921 [9.314921658044981e-07]
0 20 260 7.020174680749062e-12 0.01166212699990865 [2.6495612241933687e-06]
0 14 182 2.5750023250461916e-11 0.00874009700055467 [5.074448073481678e-06]
0 15 195 7.506501791835443e-12 0.008429075999629276 [2.7397995897210153e-06]
7 78 1014 2.2145411994699627e-11 0.050964903999556554 [-4.7058912008991055e-06]
2 42 546 1.8608699773799694e-11 0.0270339190001323 [4.313780218532198e-06]
1 31 403 7.492971036608709e-11 0.02015746899996884 [8.656194912667291e-06]
0 14 182 2.1699175681117207e-11 0.01291616399976192 [-4.658237400682495e-06]
0 15 195 1.3656524783129099e-11 0.013898574000450026 [3.695473553298562e-06]
0 16 208 4.004039325364215e-11 0.010322823000024073 [6.32774788164337e-06]
0 14 182 1.4641351269977133e-11 0.010390774000370584 [3.826401869900381e-06]
0 18 234 8.98750088013512e-11 0.01171304799936479 [9.480243077123667e-06]
1 26 338 3.05943931385373e-12 0.014637007999226626 [1.749125299643719e-06]
2 33 429 7.95410242012354e-12 0.017728392999742937 [2.820301831386765e-06]
0 17 221 9.498661514935162e-12 0.009046287000273878 [-3.0819898628865023e-06]
1 31 403 4.1549903400562583e-11 0.017426864999833924 [-6.445921454731091e-06]
0 17 221 8.574244783931886e-11 0.010123920000296494 [-9.259721801399806e-06]
2 35 455 5.382341815626275e-12 0.01925830600066547 [2.3199874602303943e-06]
0 18 234 1.62278280759731e-12 0.011503515000185871 [-1.2738849271411096e-06]
0 21 273 3.669284570129958e-12 0.015235508999467129 [1.9155376712896976e-06]
4 68 884 1.236334544021183e-12 0.04338208900026075 [-1.1119058161648328e-06]
2 36 468 3.951297015494557e-11 0.02418314099941199 [-6.285934310422403e-06]
4 60 780 2.490422517115444e-14 0.036458681999647524 [1.5781072577982283e-07]
0 14 182 1.7134711778584872e-13 0.008138465999763866 [4.1394095929957056e-07]
0 13 169 8.554342789326166e-12 0.009362646999761637 [2.924780810475576e-06]
0 12 156 5.422288607981143e-12 0.006705444000544958 [2.328580814140051e-06]
0 18 234 5.2177690062305365e-12 0.010719255000367411 [-2.28424363985774e-06]
2 48 624 2.916269344708573e-11 0.028329474000202026 [5.400249387489964e-06]
4 66 858 6.943061650240365e-11 0.04479316100059805 [-8.332503615504985e-06]
4 57 741 5.145470302271325e-11 0.037163777999921876 [-7.173193362980901e-06]
1 34 442 9.687162353061222e-12 0.023838077000618796 [3.112420658115034e-06]
2 35 455 7.444092231181931e-12 0.022384658000191848 [2.7283863786461645e-06]
0 18 234 2.5670332446407674e-13 0.009885501000098884 [-5.066589824172436e-07]
0 11 143 2.6263494995314794e-11 0.007591294999656384 [-5.124792190451706e-06]
3 44 572 9.367384592903642e-11 0.024197527999604063 [9.678524987261045e-06]
12 147 1911 1.5578544136186524e-11 0.08121106999988115 [-3.946966447309443e-06]
0 16 208 1.1198216947262057e-12 0.011765987999751815 [1.0582162797491851e-06]
0 21 273 2.6647714951014373e-11 0.013392613999712921 [5.162142476822426e-06]
1 41 533 5.142965370700736e-11 0.03168308899967087 [7.171447113868118e-06]
0 20 260 9.144780240608768e-11 0.014621858000282373 [-9.562834433685845e-06]

