0 14 182 8.492760467007236e-11 0.008183568000276864 [-9.215617432927235e-06]
0 18 234 9.759003844840823e-11 0.009818342000016855 [9.878767051024547e-06]
0 16 208 4.4252632581438335e-11 0.008736398000110057 [-6.6522652218201835e-06]
0 22 286 4.950710868269974e-11 0.012245310999787762 [7.036128813680129e-06]
0 26 338 4.323478622516848e-11 0.01632564299961814 [6.575316435364041e-06]
0 8 104 2.034783828481082e-12 0.0051931329999206355 [-1.426458491678283e-06]
0 17 221 9.076264814562435e-11 0.01150845299980574 [9.526943273979559e-06]
0 16 208 7.695130230380596e-12 0.00886412299996664 [-2.7740097747449622e-06]
0 15 195 4.963337494761748e-12 0.008257464000053005 [-2.22785490882188e-06]
0 16 208 2.3427635032891375e-11 0.009133449000273686 [4.840210226104996e-06]
0 16 208 3.225168506360068e-11 0.008927229000164516 [-5.679056705439793e-06]
0 14 182 8.207269312902978e-11 0.008094806999906723 [9.05939805555699e-06]
0 24 312 3.2368702986132417e-12 0.012645211000290146 [1.7991304284607166e-06]
0 17 221 8.135003118150137e-12 0.009743858999627264 [-2.8521926860137163e-06]
0 22 286 2.7784356158307972e-11 0.014095766000082222 [5.271086809976475e-06]
0 23 299 3.606077718256155e-12 0.012401091999890923 [-1.8989675400743834e-06]
0 16 208 6.184555051206241e-11 0.008650260000194976 [-7.86419420615122e-06]
0 15 195 1.0614339424567313e-12 0.008146194999881118 [1.0302591627628125e-06]
0 12 156 8.739487259746661e-12 0.006988809000176843 [2.9562623800580797e-06]
0 15 195 4.3369738090062e-11 0.008569079999688256 [6.585570445304036e-06]
0 17 221 8.433683959882369e-11 0.009317822999946657 [9.183509111381318e-06]
0 18 234 4.111363271083384e-11 0.010710236000250006 [-6.4119913217996355e-06]
0 16 208 3.1632089389391185e-11 0.011335937000239937 [-5.624241227880538e-06]
0 14 182 3.6813709997607124e-14 0.010203057000126137 [1.9186899175637298e-07]
0 17 221 3.003379429668845e-15 0.01338056799977494 [-5.480309689852249e-08]
0 21 273 8.948990730250525e-11 0.014372379000178626 [9.459910533535994e-06]
0 12 156 3.56724319047418e-11 0.008689478000178497 [-5.9726402792016365e-06]
0 25 325 2.2163106963596445e-13 0.01743689600016296 [-4.707770912395424e-07]
0 17 221 2.727969689022014e-11 0.010909609000009368 [-5.222996926116283e-06]
0 19 247 4.499084581397156e-11 0.012691072000052372 [-6.707521585054465e-06]
0 15 195 7.568185739169935e-13 0.00888928600033978 [-8.699532021419276e-07]
0 17 221 6.073607431775821e-11 0.009592364000127418 [7.793335249927223e-06]
0 27 351 6.513258058239979e-11 0.015430325000124867 [-8.070475858485656e-06]
0 24 312 7.148296746686763e-11 0.017394046999925195 [-8.4547600478587e-06]
0 21 273 4.2749498025409304e-11 0.014962382000248908 [-6.538310028241954e-06]
0 38 494 3.96694798961169e-11 0.02004544100009298 [6.298371209774548e-06]
0 16 208 1.702307519325555e-11 0.011139591000301152 [4.125902954900363e-06]
0 17 221 3.622576467728413e-11 0.010822821000147087 [6.018784318887339e-06]
0 23 299 2.8970494803793887e-12 0.013630377000026783 [-1.702072113742361e-06]
0 13 169 3.474253854009333e-11 0.007457358999999997 [5.8942801545306046e-06]
0 24 312 3.99755196455504e-11 0.01360495999961131 [6.322619682184782e-06]
0 14 182 5.176598672500456e-12 0.008879485999841563 [-2.2752139838926044e-06]
0 23 299 7.697710401729522e-11 0.014406317000066338 [8.773659670701572e-06]
0 16 208 1.9521803576342814e-11 0.010054982999918138 [-4.418348512322541e-06]
0 14 182 1.8001757969722333e-11 0.00967912600026466 [4.242847860779636e-06]
0 31 403 2.7936609930533744e-13 0.019305224000163435 [-5.285509429613549e-07]
0 17 221 5.633139137850653e-13 0.010279484999955457 [-7.505424130487665e-07]
0 19 247 1.427156711201493e-11 0.013335627000287786 [3.7777727713581358e-06]
0 18 234 3.8034270269602324e-11 0.013330499999938183 [-6.167193062455749e-06]
0 18 234 2.4077350787225474e-12 0.014252825000312441 [-1.5516878161287945e-06]

