2 88 1144 2.5638348600360177e-11 0.052170646999911696 [5.063432491932738e-08]
0 27 351 7.175755764916399e-11 0.014902360999258235 [-8.470983275226318e-08]
2 38 494 6.156735118787306e-13 0.02118072800021764 [-7.84648655054433e-09]
0 33 429 3.7954919236184885e-11 0.02233307699953002 [6.160756385070333e-08]
0 20 260 6.482567236714801e-11 0.01583248499991896 [8.051439148819794e-08]
6 116 1508 2.3820995204136925e-11 0.08052981200034992 [4.8806756913502174e-08]
9 119 1547 3.166515229052124e-12 0.09058747300059622 [-1.779470491200156e-08]
2 35 455 3.8377702405004785e-11 0.024858501000380784 [6.194973963222508e-08]
1 35 455 6.1720200043424165e-12 0.025008603000060248 [2.4843550479636393e-08]
3 61 793 2.7679898396978217e-11 0.04283926500011148 [-5.2611689192591236e-08]
5 116 1508 8.177608509524635e-11 0.08284460499999113 [9.043013054023882e-08]
2 35 455 2.607681172528615e-11 0.02370218600026419 [5.106545968194759e-08]
0 26 338 4.032320260489929e-13 0.018840448000446486 [-6.3500553229794216e-09]
5 98 1274 5.945467348084392e-11 0.07029765300012514 [7.710685668657744e-08]
0 27 351 3.194568322446528e-11 0.015947072000017215 [-5.652051240431679e-08]
0 26 338 1.243181805217189e-11 0.016511394000190194 [-3.5258783376872055e-08]
0 30 390 7.226643073858518e-13 0.016538542000489542 [-8.500966459090706e-09]
4 87 1131 4.865979729904966e-11 0.054384808999202505 [6.975657481488728e-08]
0 33 429 6.956867902200342e-11 0.023920234999422973 [8.340784077171847e-08]
9 162 2106 5.45211248709535e-11 0.09862988199984102 [-7.383842148296068e-08]
4 92 1196 7.876314566835282e-12 0.04890285000055883 [2.8064772521499763e-08]
1 31 403 5.994709177499449e-11 0.01649311300025147 [7.742550727957453e-08]
2 44 572 3.015068523438961e-14 0.024754575999395456 [-1.7363952670515318e-09]
1 49 637 2.01996087590037e-12 0.031827517000238004 [1.4212532764783235e-08]
6 161 2093 3.348076068721087e-11 0.11746606799988513 [5.786256189213442e-08]
2 46 598 2.7962800484312478e-11 0.03008736100036913 [-5.2879864300423916e-08]
4 93 1209 3.060250945730491e-11 0.06685180500062415 [5.531953493776399e-08]
2 71 923 3.041514543133923e-11 0.06371878899972216 [-5.514992786154777e-08]
6 120 1560 1.0841744959868888e-12 0.08757195999987744 [-1.041237002793739e-08]
1 64 832 9.80642307135118e-11 0.037298912000551354 [-9.902738546155392e-08]
0 27 351 4.113848773366379e-11 0.01582202999998117 [6.413929196184176e-08]
0 19 247 1.0965749281650132e-12 0.013791373999993084 [-1.0471747362140729e-08]
1 23 299 1.76831501905905e-11 0.014145716000712127 [-4.205133789856216e-08]
5 94 1222 8.537901259772114e-13 0.05856018299982679 [9.24007643895445e-09]
2 41 533 3.032480273999951e-12 0.0258382950005398 [-1.7414018129081957e-08]
10 140 1820 2.070135919437017e-12 0.09494239200012089 [-1.4387966914880702e-08]
2 61 793 1.3242709895313915e-11 0.04096104700056458 [3.639053433973444e-08]
0 26 338 1.048723372841456e-11 0.017676053999821306 [3.2383998716055065e-08]
6 133 1729 5.644866187108112e-11 0.08238493599947105 [-7.5132324515538e-08]
6 90 1170 3.2831182436271086e-12 0.05677302999993117 [-1.811937704124264e-08]
2 59 767 8.924456851041634e-11 0.041038293999918096 [9.446934344559421e-08]
0 42 546 2.6689710765305016e-11 0.02754220200040436 [-5.1662085483752024e-08]
14 216 2808 2.967383352718683e-13 0.12220080599945504 [-5.447369413504727e-09]
1 31 403 8.810654633964579e-11 0.016462692999994033 [9.38650874072175e-08]
2 80 1040 2.7247338402448503e-13 0.048915049000243016 [-5.219898313420339e-09]
1 54 702 9.96796345714836e-11 0.03286101800040342 [-9.983968878731724e-08]
0 23 299 7.806677224966245e-11 0.013748166000368656 [8.835540291892876e-08]
5 75 975 3.531284766553553e-11 0.045801835999554896 [5.9424614147283724e-08]
2 67 871 4.513268232838697e-11 0.036653316000410996 [-6.718086210252662e-08]
1 45 585 3.769867038885189e-14 0.024096224999993865 [1.9416145443638366e-09]

