1 24 312 1.9904376196847165e-11 0.014666693999970448 [4.461432079147587e-08]
12 230 2990 1.238520662753083e-11 0.12136085200017988 [3.519262227730527e-08]
3 52 676 9.623094415527465e-11 0.02850297699933435 [9.809737211326033e-08]
2 42 546 1.1399976802122487e-12 0.024223468999480247 [1.0677067388624316e-08]
1 43 559 1.158093371442848e-12 0.0232293409999329 [1.0761474673309638e-08]
4 107 1391 1.4673907275627789e-12 0.06887769700006174 [-1.2113590415573654e-08]
6 133 1729 1.0910830724989738e-12 0.0810823009996966 [-1.0445492197589225e-08]
7 139 1807 3.878770000884031e-12 0.07525680599974294 [1.9694593168897984e-08]
1 40 520 3.50158584434048e-11 0.022481725000034203 [-5.91741991440567e-08]
1 33 429 2.203070438258779e-11 0.018314392999855045 [-4.6936877167732186e-08]
5 118 1534 9.016480291720234e-11 0.07248578300004738 [-9.495514884259955e-08]
2 50 650 1.3183943925684425e-11 0.03137896699990961 [3.630970108068149e-08]
3 73 949 2.601937337085486e-11 0.04161306900005002 [5.100918875149345e-08]
4 83 1079 5.5044935385696364e-11 0.044865726999887556 [7.419227411644447e-08]
7 105 1365 5.3681029730405096e-14 0.06311867099975643 [2.3169166953174018e-09]
8 145 1885 9.290430363360043e-11 0.0871634039995115 [9.638687858500265e-08]
4 86 1118 5.7866311482611445e-11 0.05431832299927919 [-7.60699096112329e-08]
3 78 1014 3.5680575056458847e-13 0.04105139999956009 [-5.973321944819218e-09]
1 31 403 7.3437653060058e-11 0.01675286999943637 [-8.569577180938275e-08]
1 35 455 7.896415534579809e-11 0.01838576499994815 [8.886177769198526e-08]
0 37 481 6.78479478670042e-11 0.018977876999997534 [8.236986576837685e-08]
2 44 572 2.14425591282765e-13 0.02427410600012081 [4.630611096634709e-09]
5 71 923 9.537248868012849e-11 0.041510381999614765 [9.765883916990233e-08]
1 25 325 2.7460887030611062e-11 0.017251594999834197 [-5.240313638572701e-08]
0 16 208 1.1265104426425939e-11 0.010380468999755976 [-3.3563528459364844e-08]
4 102 1326 8.824296812064378e-11 0.0651587769998514 [9.393772837398389e-08]
6 105 1365 2.4575077310362808e-11 0.053871750000325846 [-4.957325620772032e-08]
4 81 1053 2.5963188191281588e-12 0.0418100590004542 [-1.6113096596024485e-08]
6 76 988 2.2895980083484663e-11 0.05800710600033199 [-4.784974407819196e-08]
1 38 494 1.9484725098140492e-11 0.022339388000546023 [4.4141505522739584e-08]
3 80 1040 4.255938487024325e-12 0.04736122099984641 [2.062992604694531e-08]
0 35 455 2.3296705993047112e-11 0.017995346999668982 [-4.8266661364804497e-08]
2 41 533 1.8352290466035115e-11 0.02206593899973086 [4.283957337093253e-08]
5 110 1430 1.2622280892314678e-12 0.05634039199958352 [1.1234892474925907e-08]
3 58 754 4.641286813958513e-11 0.030384652000066126 [6.812699034860202e-08]
4 70 910 5.443992187723754e-11 0.04464663399994606 [-7.378341404220703e-08]
2 62 806 8.985229485766366e-13 0.03827266600001167 [-9.479045039330896e-09]
5 80 1040 8.933959953134053e-11 0.04687226500027464 [-9.451962734339388e-08]
0 25 325 2.477489729623782e-11 0.01448717499988561 [4.9774388289800025e-08]
3 98 1274 6.056952445968367e-14 0.05125416999999288 [2.4610876550761794e-09]
0 26 338 4.3488771122083184e-11 0.013785391999590502 [6.594601665156372e-08]
1 35 455 3.118785167821001e-11 0.018730631999460456 [5.5846084623910754e-08]
2 31 403 9.052826295894682e-12 0.017709305000607856 [3.008791500901098e-08]
4 81 1053 2.5212071557217556e-11 0.04985563900027046 [-5.0211623711265857e-08]
0 20 260 3.1884079087776324e-13 0.012666233000345528 [-5.646598895598688e-09]
8 93 1209 4.343233027147607e-12 0.05874349800069467 [-2.0840424724912895e-08]
0 25 325 2.7853341072301365e-11 0.014613412000471726 [5.2776264619904054e-08]
2 60 780 2.7928327474654777e-11 0.03598182200039446 [5.2847258656107015e-08]
4 84 1092 2.5841883456830894e-11 0.0504108430004635 [5.083491266524503e-08]
7 140 1820 3.2549850402830544e-12 0.08256875200004288 [-1.8041577093710667e-08]

