3 53 689 5.6322175967303706e-12 0.03031856500001595 [2.373229360329585e-08]
0 28 364 8.313279272298705e-11 0.017587640999408904 [9.11771861393995e-08]
2 49 637 4.5066977451632393e-11 0.02871787099957146 [-6.713194280790062e-08]
1 32 416 3.091229405756816e-11 0.02008853499955876 [-5.559882557893481e-08]
6 109 1417 1.3678954593815342e-11 0.06099963199994818 [-3.6985070763505836e-08]
4 94 1222 9.225524668579077e-12 0.06238948800000799 [-3.0373548802500964e-08]
1 44 572 4.3609531836366524e-11 0.026779535000059695 [-6.603751345740277e-08]
1 56 728 2.1885621316233572e-11 0.034373750000668224 [-4.678207062137542e-08]
0 27 351 6.207754950201725e-11 0.017960389999643667 [-7.878930733419177e-08]
3 74 962 7.478048329558322e-11 0.05653101300049457 [8.647570947704519e-08]
1 35 455 1.0376041799082917e-11 0.0195731040003011 [-3.221186396202945e-08]
1 33 429 2.365541807756813e-12 0.018500065000807808 [-1.5380317967313983e-08]
1 36 468 4.359436716339202e-11 0.018839983999896504 [6.602603059657003e-08]
2 48 624 4.910593665459934e-12 0.025506482999844593 [-2.2159859353028244e-08]
3 60 780 2.066955806413755e-11 0.03914393199920596 [-4.546378565862895e-08]
6 101 1313 4.82100898332627e-12 0.06992864900075801 [-2.1956796176414878e-08]
1 48 624 5.7856056717157305e-11 0.03320500700010598 [7.606316895657011e-08]
0 20 260 2.949338121539693e-11 0.012741880999783461 [5.4307809029086166e-08]
0 26 338 2.3233745115039446e-11 0.016181327000595047 [4.8201395327354834e-08]
0 40 520 5.2158401602305364e-11 0.02850038999986282 [-7.222077374433575e-08]
14 193 2509 3.730915041281376e-11 0.11711812999965332 [-6.108121676326836e-08]
4 53 689 1.0592342028214558e-12 0.03184235000026092 [1.0291910429174245e-08]
3 46 598 2.8081536332749253e-13 0.024974902999929327 [5.299201480671333e-09]
3 56 728 1.5639375914999899e-12 0.03060209199975361 [-1.250574904393971e-08]
0 21 273 7.15850810727534e-16 0.012212270000418357 [2.675538844284519e-10]
4 82 1066 8.13934262856904e-11 0.04234133099998871 [9.021830539623896e-08]
2 39 507 6.889206877068203e-11 0.021878096999898844 [-8.300124623804274e-08]
1 29 377 3.724680675532635e-11 0.017008832000101393 [6.103016201463532e-08]
6 112 1456 4.041699081972993e-11 0.06792166699960944 [6.357435868314357e-08]
4 71 923 5.974123582381433e-12 0.04251929800011567 [2.4442020338714706e-08]
4 88 1144 6.630527822218536e-11 0.05291256500004238 [-8.142805304204771e-08]
15 270 3510 6.759985853533236e-13 0.15958181099995272 [-8.221913313537935e-09]
2 36 468 7.161683897622832e-12 0.02500475299984828 [-2.676132264598077e-08]
5 71 923 9.031309870141154e-11 0.04353167499994015 [-9.5033204040173e-08]
0 29 377 8.345472864738933e-12 0.016328487999999197 [-2.8888532092750807e-08]
4 50 650 1.4963097658210633e-11 0.026494779999666207 [3.8682163406679614e-08]
2 67 871 1.107472635262292e-11 0.033039192000615 [3.327871144233641e-08]
9 180 2340 1.9451493928072663e-11 0.129071710000062 [4.410384782314652e-08]
1 38 494 9.242317788264552e-12 0.027485892999720818 [-3.040118054988087e-08]
2 58 754 7.445032993976622e-12 0.03659947399955854 [2.7285587759798435e-08]
0 33 429 2.205997957230529e-11 0.01716751900039526 [4.696805251690269e-08]
2 67 871 1.4408192151576106e-11 0.03465552000034222 [-3.795812449473249e-08]
2 36 468 5.0935099750841525e-12 0.022155098999974143 [2.2568805850297335e-08]
5 79 1027 8.44471794839207e-11 0.04618258400023478 [9.189514648985587e-08]
4 61 793 1.9725587306966633e-11 0.03666708499986271 [4.441349716805313e-08]
1 30 390 8.161901009981565e-11 0.020131407999542716 [9.034323997943379e-08]
2 65 845 3.619008510181723e-13 0.044706949000101304 [-6.0158195702511916e-09]
0 26 338 9.469932372627932e-12 0.017659727999671304 [3.077325522694655e-08]
0 21 273 2.115929843052679e-11 0.012963885000317532 [4.5999237418164655e-08]
4 77 1001 4.3252680789643e-12 0.039656722000472655 [2.079727885797635e-08]

