0 36 468 4.260224132360813e-12 0.016750975999912043 [2.064031039582693e-08]
0 33 429 3.907772328393814e-11 0.014973324999573379 [6.251217744082999e-08]
0 18 234 1.8087628974787942e-11 0.008604651000041486 [-4.252955322453781e-08]
0 23 299 7.958762352216937e-11 0.01089595699977508 [8.921189579992646e-08]
0 23 299 4.491366575103016e-11 0.011181733999819699 [6.701765868114922e-08]
0 20 260 1.5597423543771e-14 0.009559629999785102 [1.2488964546258829e-09]
0 44 572 8.64567755449443e-11 0.03002146700009689 [-9.298213567398003e-08]
0 24 312 3.4859000217364816e-11 0.011567227000341518 [-5.904151100485557e-08]
0 25 325 4.836178651015939e-12 0.012101071999950364 [-2.1991313401013454e-08]
0 22 286 1.9476395254881977e-11 0.010477598999841575 [-4.4132069127655885e-08]
0 26 338 1.2758770413205099e-11 0.012192650000088179 [3.5719421066424214e-08]
0 22 286 2.5634048442475554e-11 0.010153984000226046 [5.063007845389493e-08]
0 34 442 2.837925491232328e-11 0.015646004999780416 [5.327218309054293e-08]
0 28 364 6.058766615721703e-11 0.012722600999950373 [-7.783807947092286e-08]
0 39 507 4.9095678117777733e-11 0.017609130999971967 [-7.006830818406973e-08]
0 30 390 2.0938781818378262e-11 0.013645916000314173 [-4.575891368725689e-08]
0 26 338 3.788009189700639e-11 0.018358461999923747 [-6.154680486995762e-08]
0 28 364 2.5985254951925426e-11 0.019017029000224284 [-5.097573437619651e-08]
0 21 273 2.3501014973462615e-11 0.016130900000007387 [4.8477845428053645e-08]
0 30 390 1.6712185283960025e-11 0.019611921999967308 [-4.088053972730794e-08]
0 38 494 3.928896053084793e-11 0.024989771000036853 [-6.268090660707448e-08]
0 1097 14261 1.8734502259742406e-11 0.634158897999896 [4.328337124086155e-08]
0 213 2769 2.840198933011772e-11 0.10479605899990929 [5.329351680093717e-08]
0 23 299 2.2958771947935408e-15 0.011245054000028176 [4.79153127381377e-10]
0 32 416 2.3906616088219225e-11 0.014431927999794425 [4.889439240671595e-08]
0 39 507 3.395467682516138e-11 0.01876351600003545 [5.8270641686153916e-08]
0 9280 120640 7.00097732443029e-11 4.1580917450000925 [-8.367184308015625e-08]
0 17 221 3.921610523681849e-13 0.008874039000147604 [6.262276362219931e-09]
0 40 520 2.4786191973036172e-11 0.01973035399987566 [-4.978573286900191e-08]
0 20 260 6.860494105226915e-11 0.010935397999674024 [8.282809973207712e-08]
0 26 338 1.6099667738816378e-11 0.014353133999975398 [4.0124391258704943e-08]
0 25 325 6.357629232493648e-11 0.014640502000020206 [7.973474294492739e-08]
0 31 403 6.9381472953255676e-12 0.017459187999975256 [-2.6340363124538675e-08]
0 29 377 7.982062037713683e-11 0.015142119999836723 [-8.934238656826716e-08]
0 19 247 6.155831909474905e-12 0.01101264600038121 [-2.481094901343942e-08]
0 23 299 3.803352620691799e-11 0.012184385999717051 [-6.167132737903247e-08]
0 34 442 1.3698802101811207e-11 0.016666614999849116 [-3.701189282083694e-08]
0 27 351 1.1580004440416159e-11 0.013999204999890935 [-3.4029405578728756e-08]
0 24 312 1.569140244707225e-11 0.011652691000108462 [3.961237489355094e-08]
0 28 364 9.744903538135213e-11 0.01299450699980298 [-9.871627797954709e-08]
0 16 208 2.9596564756887336e-12 0.007715262999681727 [1.7203652157866753e-08]
0 26 338 6.331561442147278e-11 0.012594331999935093 [7.957110934345001e-08]
0 33 429 1.2017500525383381e-13 0.02122602100007498 [3.4666266781099148e-09]
0 19 247 5.738124722907926e-11 0.0108645999998771 [7.575041071115011e-08]
0 26 338 1.1985278824568606e-11 0.015173968999988574 [-3.461976144425118e-08]
0 21 273 1.7853202376978577e-11 0.012565587000153755 [4.2253050040178846e-08]
0 31 403 6.223069318082695e-12 0.019329335000293213 [-2.494608048989399e-08]
0 24 312 2.9463473935736794e-11 0.014153040000110195 [5.428026707352939e-08]
0 23 299 2.6974869362412307e-11 0.013524619000236271 [-5.193733663022422e-08]
0 59 767 1.7596673783596768e-11 0.029247546000078728 [4.194838946085626e-08]

