309 10000 130000 23.99267118625399 8.082564178999746 [0.0005450239249338851, -0.2815053497813558, -0.6165793014934415, -0.18187042211734095, 3.081754131665874]
294 10000 130000 1.393095694002754 8.402889170998606 [-0.00030852943053947526, 0.34188783114954446, -0.11014809450602556, -0.07316237141935761, 0.08815421433211168]
325 10000 130000 0.26008427884651075 9.280527656999766 [-0.000790589886113373, 0.043262246655910816, 0.00037203433078653383, 0.03018177291882263, -0.032423068245920825]
341 10000 130000 133.1960386289875 8.10060743699978 [-0.06713377607786669, 2.3087426241333358, 4.73082848174426, 1.7340398190420803, 4.202222626427562]
310 10000 130000 0.001854191077952802 8.416541706001226 [-1.526835234376826e-05, -0.02564137646383401, -0.008715298851935279, 0.0002078923403454349, 0.033442189100836205]
297 10000 130000 0.132518165780303 8.58331269700102 [0.0014219141654145525, -0.055635412369619, -0.04223654528300733, -0.19684372308596096, 0.262055510640234]
314 10000 130000 143.2919289620562 8.055996838998908 [-0.013454611902901648, 6.106692000046225, 5.500246752382896, 1.7059653235876218, -2.068077353889017]
338 10000 130000 97.33050849426863 8.76612256899898 (0.03896516574099973, 0.7718338791091712, 5.130465828052092, 3.5537279907396995, -0.9226468989353771)
311 10000 130000 200.57876439965665 8.144484541000566 [-0.11498269268710389, 3.0208957134723873, 3.425102516679697, -1.6386904371429722, -2.361381738233281]
306 10000 130000 109.65294436007531 8.373914918000082 [-0.008378724141870839, 0.6209816191210211, 2.36901197616546, -0.25204104253982695, 4.109690204382018]
320 10000 130000 94.7935600699644 8.046917916999519 [0.019762477708697546, 1.863459616088215, 1.2560577450223105, 5.225675788749966, 3.6097305397144224]
290 10000 130000 2.4910048994615582e-05 8.520789797999896 [3.383433872816903e-06, 0.0005084421955091755, -0.0044120406570089775, -0.0021033169094195284, 0.0008043721154874896]
358 10000 130000 147.70936096248766 8.056464941999366 [-0.04363868802713117, 6.624950743593452, -0.8058352820114282, 2.208909151255821, 2.17885004989313]
283 10000 130000 143.01630645468458 8.255881373999728 [-0.043178186624821424, 2.808521447105991, -2.800095725158592, 4.782788347406973, -0.13912328204811653]
307 10000 130000 4.578110625205199 8.52266484699976 [-0.0002798696959747756, -0.036644934981461735, 0.274562529586411, -0.0170023847355619, -0.01763064770701322]
294 10000 130000 111.80096673977307 7.75716902899876 [-0.0005585514875239284, 5.624390801008886, -0.28707919713066365, 2.3455861087006262, 2.4145157694459174]
319 10000 130000 204.00974993480565 8.662169072000324 [-0.11593974096201132, -0.14821087636557428, 3.8725184268114012, -1.9980096437167236, 2.7980540783142276]
301 10000 130000 49.38340129263168 7.84529791299974 [0.02988211533067614, 3.265033104229483, 0.17435192191656537, -0.7688279763711593, 3.5947262628233583]
309 10000 130000 3.3245294613960743 8.41805051800111 [0.0005148974828620839, -0.4763742392947552, -0.1989496656896514, 0.2024514471372414, 0.11990952183981446]
214 7237 94081 8.962938835319763e-11 5.6152421070000855 [2.3064186238639e-08, -8.151579758544333e-06, -1.151169659809067e-06, 3.1725449871511593e-06, 2.54388200269172e-06]
298 10000 130000 4.113875829230562 8.648825934000342 [-0.0006206433946463295, -0.7178349728007334, -0.38683274920541977, 0.41312035762300736, -1.422824231267224]
296 10000 130000 4.637150296264847 8.03991948699877 [-0.0033734666500859984, -0.10202994772005798, -0.2022831087170071, -0.5751075023414469, -0.625516041616065]
334 10000 130000 132.5277531253238 8.76209918799941 [0.04631464856775214, 1.5039703598007335, 0.82012532089147, 6.284309327515684, 1.284605113158455]
336 10000 130000 21.71917250960737 8.05447551999896 [0.0034710680743600905, 0.24048881035732184, -1.0071934420515176, 0.9440244634906555, 1.4612438840082331]
313 10000 130000 9.67910222225889e-08 8.517441461999624 [-3.8334091107569456e-08, 4.209537744885959e-05, -0.00029125619861747017, -9.984859232341769e-05, -1.4296565061202756e-05]
289 10000 130000 6.376462197666402 8.156260948000636 [-0.01262868647911174, -0.035741513663755664, 0.9564528684914098, -1.1637685735141956, -0.10577399323897274]
312 10000 130000 0.5697383304752371 8.73870058400098 [-0.0009667182871063815, 0.11328806380632858, 0.17648545197100937, -0.08404451560696868, -0.09668561034078386]
301 10000 130000 156.8638703078427 8.26307524600088 (-2.0688823349323346, 1.326847520727033, 3.0479478328316443, 2.519744501919641, 3.6100628846781015)
261 10000 130000 9.77634216642457 8.26357722800094 [-0.005473935033916681, 0.10171353167638744, -0.93689763500969, 1.2487164298834106, 0.17113437876581408]
313 10000 130000 12.23062848326811 8.789056685000105 [-0.009135279140802376, -0.7552566429192924, -1.46968709754905, 2.0858741342691225, 1.2509322795721154]
191 6264 81432 9.812886082926497e-11 4.866168926999308 [-3.3164265355330527e-08, 4.998913885260953e-06, -4.155882169845998e-06, 5.910102692835068e-06, -3.152834499608603e-06]
331 10000 130000 118.54614425143737 8.285846233000484 [0.009569472630222453, 1.9522632894260372, -2.40160861677953, 3.804238576137482, 5.816279665183648]
307 10000 130000 17.107721049251502 7.729752024000845 [0.0027790431914366635, -0.5567932424012044, -0.8604564053508003, 0.8151632404529623, 1.6017475424592218]
309 10000 130000 3.4913014746375785e-07 8.368937487999574 [1.145145707940784e-07, 0.0001892651807196756, -0.0002686469202170343, 0.00048526692466535615, -7.431384154647636e-05]
311 10000 130000 21.65642476822448 8.052572693999537 [-0.001506181827778976, 1.5789233142457375, 3.420051746324118, -0.6618260772346417, 1.2271806692292604]
323 10000 130000 0.5586602428187146 9.076545272000658 [0.0037041014425841876, 0.2479689320719299, 0.1471192805947024, -0.26059439546111274, 0.14287916190905167]
326 10000 130000 0.007776768347150192 9.318180952999683 [0.0003093290121552023, 0.050968756504946505, -0.056822317892184115, -0.009933543599015895, 0.029910846373958674]
294 10000 130000 0.922025200171419 8.19964628499838 [0.0006093243204639024, -0.38624267940612994, -0.11423748124758784, 0.1558411848450818, 0.4814481846323575]
298 10000 130000 0.2944093445481458 8.553979001999323 [-0.00019943273093179473, -0.033127785878634006, -0.20175435954035423, 0.01909027517817878, -0.04295229923227581]
286 10000 130000 210.64438015285745 7.929475776998515 [0.11782966133965633, 5.4437070632277385, -0.9543619073140137, 1.6989971355177051, 1.4576504148153835]
329 10000 130000 0.8730845469262463 8.73942567999984 [-0.00044236510980406873, 0.0888048875832153, 0.06656051488616069, 0.5961127895517072, 0.05882694922253078]
336 10000 130000 41.7453147950855 8.177908726000169 [0.024733062594803644, 2.766854264308338, 0.6886117196544692, 1.3080190936595149, 1.6695773034382593]
294 10000 130000 0.5435712828629653 8.865055262998794 [0.0018452968016415515, -0.02259768953982169, 0.09404628855200547, -0.0007137195708211467, -0.012814470059620293]
319 10000 130000 0.6544626961167777 8.282977971999571 [-0.004832864473286734, 0.317413780448518, -0.05597612620321524, 0.16552639956498302, -0.19903035514444117]
315 10000 130000 2.8950367562707084 7.997575923000113 [0.00457793852014737, 0.6958701291141514, 0.5684589440668513, 0.6143045044136343, 0.026659210460772353]
336 10000 130000 1.693748442429242 8.623434174000067 [0.00034062443663742065, 0.8866729502586278, 0.3570807037352849, -0.15269577174850063, 0.07467693051137518]
307 10000 130000 0.3707908024669511 8.045195456999863 [0.0018967674330020278, -0.27182306277185836, -0.05911219602473426, -0.0006068274248664796, -0.08620404923735464]
287 10000 130000 8.811023060435495 8.432032526001422 [8.328306684182718e-05, -0.8801043226384406, -0.07811510307824995, 0.7281262514735812, 0.010013670780831617]
295 10000 130000 92.93477580652497 7.816763195000021 [-0.00979141525229732, -1.726564596279482, 4.219112366680898, 1.151008890436729, -1.4557821768471926]
322 10000 130000 3.2939705092519995 8.502190313000028 [-0.0024698362213966775, 0.1800554017030471, 0.8027276520666903, -0.19314100280879698, -0.1373845755746787]

