0 147 1911 3.4496041110943434e-11 0.08583103799992386 [5.056107103731633e-08, -2.3045097604045933e-06, -1.902907467728768e-06]
0 325 4225 8.931077022587052e-11 0.1777485960001286 [-3.465629035807715e-08, 2.540192482166239e-06, 8.41710210022328e-06]
0 102 1326 6.687292665201847e-11 0.06611506599983841 [1.2810574773282438e-08, 7.456146604736219e-06, 3.1044639151519257e-06]
0 197 2561 7.93974807423333e-11 0.12575660100037567 [-7.690589875673157e-08, 1.0832324637347727e-06, 4.367941796319855e-06]
0 121 1573 9.460680679415875e-11 0.06889392599987332 [-6.117822173894787e-08, 4.546358460582123e-06, 6.042324336764235e-06]
0 77 1001 6.897725939882512e-11 0.05233483200026967 [2.918875099036956e-09, -2.163736866277137e-06, -8.013133210792177e-06]
0 169 2197 7.159829680272618e-11 0.1094805110001289 [-8.791923494392904e-09, -4.702383127745985e-06, 6.9794634847747064e-06]
0 133 1729 9.37855084632694e-11 0.07001493300003858 [-5.642304034821825e-09, 8.999678064787572e-07, -9.62586154390128e-06]
0 213 2769 7.483671170178008e-11 0.1388227000002189 [3.140776655178493e-08, 3.574813329187997e-06, 7.224468379439812e-06]
0 153 1989 8.738360244483612e-11 0.08162665800000468 [-3.6434576724149066e-10, 8.863362429971737e-06, 2.970367216594701e-06]
0 159 2067 5.1264054312016314e-11 0.084743993000302 [-1.34780648518257e-08, 3.816765790923619e-06, 5.905909827262123e-06]
0 96 1248 9.872950438071991e-11 0.05458733300019958 [-7.93003312329077e-08, -3.5695237250781276e-06, -4.806514269232489e-06]
0 133 1729 9.899475633345868e-11 0.09279547099959018 [-5.3076743916967614e-08, -5.292115854730345e-06, -6.543459227755362e-06]
0 113 1469 9.387717246403757e-11 0.06135013799985245 [-2.39103874989952e-08, 4.4916676370090115e-06, -8.245303390364868e-06]
0 136 1768 9.30458453238277e-11 0.0787151120002818 [7.600833179250302e-08, 4.7521821145555445e-06, 3.5622949702591785e-06]
0 149 1937 5.2034698160495397e-11 0.0942255429999932 [-8.44756614936053e-09, -4.987974764375172e-06, -5.142099976855139e-06]
0 102 1326 2.386336891528012e-11 0.053448434000074485 [2.1150756244762376e-08, -3.906668448439239e-06, 2.0316903435307074e-06]
0 120 1560 8.525903815260461e-11 0.0644047910000154 [6.544727586528175e-08, 1.9912786050826836e-06, 6.2016440149110185e-06]
0 165 2145 6.400424291328708e-11 0.10901159700006247 [7.383317028221947e-08, -1.648979374442518e-06, 2.6022566354451048e-06]
0 126 1638 3.02013936156497e-11 0.06749197600038315 [-2.5241132118120343e-08, -4.872974541680525e-06, -2.904569257895384e-07]
0 77 1001 7.867556888665919e-12 0.04444183300029181 [-1.0943200413842542e-08, -1.7944371453023957e-06, 1.857421833415789e-06]
0 118 1534 4.705781526870863e-11 0.08367641699987871 [-2.650560689556027e-08, -6.287721795361676e-06, 7.049098692901413e-07]
0 143 1859 1.1753252851647442e-11 0.07936485799973525 [2.1314762167327004e-08, 2.6740268095927963e-06, -2.442183668958314e-07]
0 92 1196 7.614326280415143e-11 0.0495220360003259 [-8.669350674826372e-08, 9.901560215010665e-07, -7.219926678390317e-08]
0 151 1963 9.500674856937527e-11 0.10204681699997309 [1.7552020229221906e-08, 9.173621570465215e-06, -2.787594251321459e-06]
0 154 2002 5.864296841424988e-11 0.08434750099968369 [2.4752573491352417e-08, 3.7540018387323693e-06, -6.198672411460042e-06]
0 102 1326 7.58897675926901e-11 0.06312866799999028 [6.29098713439657e-08, -4.086569364746525e-06, 4.4286791817269984e-06]
0 64 832 6.585519083490996e-11 0.042354810000233556 [3.2771819280029664e-08, -5.786546739798029e-06, -4.650929613938864e-06]
0 116 1508 7.514380412341133e-11 0.06710550300022078 [8.072405381672152e-09, -8.722591942024182e-08, 8.630443700988503e-06]
0 138 1794 3.4508179565028977e-11 0.0702266610001061 [1.3454740589369714e-08, -2.470304818171633e-06, 5.1570799128067295e-06]
0 207 2691 7.007884691889165e-11 0.1303175299999566 [-3.4816863654516837e-08, 1.0261831138699054e-06, 7.543451145750714e-06]
0 98 1274 9.919944356371555e-11 0.05089263099989694 [6.402528603488492e-08, 2.621172050150664e-06, 7.1649513696002305e-06]
0 83 1079 3.3073247214128506e-11 0.04242596299991419 [3.495514146323421e-08, -1.538183776258182e-06, 4.299839385074455e-06]
0 111 1443 7.885967025676452e-11 0.05905287799987491 [2.3869852867131974e-08, 5.211998378152905e-06, 6.782112090190689e-06]
0 104 1352 1.4053595704445581e-11 0.05424148099973536 [1.1257266260925867e-08, -2.192488434833878e-06, -2.82477073952409e-06]
0 135 1755 8.732050502825828e-11 0.09849513799963461 [-7.617352408145133e-09, -3.3378836108917304e-07, -9.307462048333097e-06]
0 64 832 7.077298033692622e-11 0.03573255299988887 [1.8817078282942384e-09, -4.165828980623475e-07, 8.400239924100833e-06]
0 139 1807 9.251782278740031e-11 0.07409546100006992 [3.0206479548068344e-08, -9.123086680785648e-06, -4.03482509401734e-07]
0 101 1313 9.855449180441848e-11 0.07018121300006896 [2.0941450314093296e-08, -1.4066686463806325e-06, 9.601579646658761e-06]
0 116 1508 8.665336919609248e-11 0.06941116799998781 [-4.676081411656389e-08, -9.88190931547802e-07, -7.988185683273816e-06]
0 143 1859 6.204013982226175e-11 0.07803441900023245 [-2.921231654323623e-09, 2.478073441379552e-06, 7.47087383761825e-06]
0 177 2301 2.0131979264722787e-11 0.11613589500029775 [-1.9764959345741153e-08, -2.4670606496556013e-06, -3.1841882538970058e-06]
0 102 1326 9.539153347335829e-11 0.052361356999881536 [-8.75918734391465e-08, -9.256281999258998e-07, -4.220353419213329e-06]
0 140 1820 4.986942315295776e-11 0.08235192000029201 [2.765047506973289e-08, -3.8856511024270255e-06, -5.2082291565700335e-06]
0 103 1339 5.608468177877794e-11 0.06916779699986364 [-2.72715605607328e-08, 4.0879277173110186e-06, 5.651207711864881e-06]
0 99 1287 5.4613678302218724e-11 0.05172644599997511 [1.1934606202903253e-08, -9.78265906534884e-07, 7.2271934985958715e-06]
0 77 1001 8.411707778545496e-11 0.0386996160000308 [4.261465829060082e-08, 6.6469155842949195e-06, -4.66642261143004e-06]
0 86 1118 9.603347786649841e-11 0.043926637999902596 [7.024555668337185e-10, 7.652172267701583e-06, 6.121503329549325e-06]
0 91 1183 1.654777233134444e-11 0.06242559700012862 [2.430859495761624e-08, -1.064338567065031e-06, 3.0831603684965754e-06]
0 110 1430 8.869779191744277e-11 0.0672446039998249 [7.205540835287032e-08, -1.0105566102004817e-07, 6.0636425473332144e-06]

