0 27 351 3.713694670062968e-12 0.01390814699971088 [-1.9270948783240975e-08]
0 29 377 8.14155502667699e-11 0.014168948000133241 [9.023056592240232e-08]
0 48 624 8.665665819530156e-12 0.02303738600039651 [2.9437502984339816e-08]
0 10000 130000 1.0 4.281718313000056 [2.0907915553296097e-11]
0 31 403 4.4422312468287835e-11 0.015053528000407823 [6.665006561758798e-08]
0 10000 130000 9.0 4.157312130999799 [2.9321247479461687e-10]
0 22 286 1.0262787474080738e-11 0.01114892499981579 [-3.203558564172152e-08]
0 25 325 9.868451855233777e-11 0.011906036000254971 [-9.934008181612182e-08]
0 22 286 9.820272543235046e-11 0.011006711000391078 [9.90972882738728e-08]
0 26 338 2.407852938073514e-13 0.012181148999843572 [-4.906987811349763e-09]
0 34 442 2.7563392738381145e-11 0.016431789999842294 [-5.2500850220145147e-08]
0 24 312 1.53503971492399e-11 0.012505443000009109 [-3.917958288348652e-08]
0 47 611 9.475631547734779e-11 0.022258543000134523 [-9.734285565841377e-08]
0 23 299 9.371499669600774e-12 0.011900886000148603 [-3.0612905235538777e-08]
0 39 507 1.1008590757759612e-11 0.022946328000216454 [3.3179196430534014e-08]
0 10000 130000 1.0 4.5432321900002535 [-6.287469429404244e-11]
0 22 286 9.76628739856141e-12 0.012422319000052084 [-3.125105981972677e-08]
0 27 351 1.7736142643366657e-11 0.018162010999731137 [-4.2114299998179546e-08]
0 21 273 2.0807665130786977e-11 0.01098268099985944 [-4.561541968543858e-08]
0 28 364 3.7894832961300335e-12 0.013750414000242017 [-1.9466595223947185e-08]
0 20 260 2.548112784461272e-13 0.010304568999799812 [-5.04788350148978e-09]
0 25 325 9.346343912188594e-11 0.012446946999716602 [-9.667649100059742e-08]
0 24 312 2.2774568291316797e-11 0.012006379000013112 [4.772270768860124e-08]
0 18 234 4.8718912297150456e-11 0.009229552999840962 [6.979893430214422e-08]
0 20 260 1.745575848824185e-11 0.010091703999933088 [4.1780089143325015e-08]
0 23 299 3.4597859402361414e-11 0.011725004000254557 [5.8819945088686896e-08]
0 26 338 5.2151074800822065e-11 0.012726498000120046 [-7.221570106342669e-08]
0 19 247 3.5695483712746324e-14 0.00961443899996084 [1.889324845354719e-09]
0 25 325 2.2817912667319834e-11 0.01196337199962727 [4.776809883941356e-08]
0 10000 130000 9.0 4.474483069000144 [-1.0011517032672647e-10]
0 27 351 7.737866392739863e-12 0.012249461999999767 [-2.7817020675729927e-08]
0 32 416 1.7804337434388075e-11 0.01449078899986489 [-4.219518625908419e-08]
0 36 468 3.3750619648617685e-11 0.016528459999790357 [-5.809528349928046e-08]
0 23 299 1.3824451107608418e-11 0.011132437000014761 [3.718124676178627e-08]
0 24 312 5.221737072894139e-12 0.011150833000101557 [-2.2851120482142968e-08]
0 22 286 8.357642678455513e-11 0.010496243000034156 [-9.142014372366471e-08]
0 30 390 6.371911122378531e-11 0.013900422999995499 [-7.982425146769954e-08]
0 25 325 9.94375662034116e-12 0.011759955999878002 [3.1533722616178955e-08]
0 26 338 6.748779318427537e-11 0.011680098999931943 [-8.215095445840868e-08]
0 30 390 2.9515676942712097e-13 0.014188268999987486 [-5.4328332334714726e-09]
0 33 429 1.8578104836851804e-11 0.015003925999735657 [-4.3102325734061965e-08]
0 20 260 5.646588811111418e-11 0.009868441999969946 [7.514378757496469e-08]
0 26 338 6.036163423330466e-11 0.012183750000076543 [-7.769275013365447e-08]
0 31 403 6.067963908800742e-11 0.014487241000097129 [-7.789713671760178e-08]
0 29 377 2.2084021743476088e-11 0.013241332999768929 [4.699363972228166e-08]
0 22 286 8.145100760717582e-11 0.010481829000127618 [-9.025021197048559e-08]
0 19 247 3.401481421289108e-11 0.01192819000016243 [-5.832222064778662e-08]
0 20 260 1.2408273870128173e-11 0.01259126600007221 [3.522537987038347e-08]
0 27 351 8.924127700204973e-12 0.013929576999998972 [-2.987327852815116e-08]
0 19 247 4.817732756934125e-12 0.011069131000112975 [-2.194933428816037e-08]

