0 19 247 5.766219263307758e-12 0.010029777999989165 [-2.401295330297329e-08]
0 10000 130000 4.0 4.032956990000002 [1.3098185686328098e-10]
0 27 351 5.83149082121685e-11 0.01305747500009602 [-7.636419855676382e-08]
0 27 351 5.20090719317599e-11 0.012694186000317131 [7.211731548786317e-08]
0 27 351 6.212107607218951e-11 0.01269929999989472 [7.881692462421349e-08]
0 28 364 2.2027693455201178e-11 0.012593849000040791 [4.693366963620166e-08]
0 26 338 1.9906900718018305e-12 0.012064742999882583 [-1.4109181662314191e-08]
0 23 299 2.2102478857573702e-11 0.012310073999742599 [4.7013273506078796e-08]
0 19 247 2.223744907103405e-11 0.009493530999861832 [-4.715659982551122e-08]
0 26 338 4.4828603830225106e-11 0.012895324000055552 [-6.695416628576978e-08]
0 42 546 8.240659321669455e-11 0.01907301199980793 [9.077807731864261e-08]
0 31 403 1.902271558013486e-11 0.014262809000229026 [-4.361503820946952e-08]
0 21 273 1.2909876467935001e-14 0.01011472899972432 [1.1362163732289287e-09]
0 10000 130000 0.25 4.008338671999809 [-1.1405901985515048e-11]
0 21 273 5.2485220102814096e-11 0.012031965000005584 [-7.244668391501028e-08]
0 32 416 8.309792914215276e-11 0.016831715000080294 [9.115806554669354e-08]
0 27 351 9.870879816668925e-11 0.0169124990002274 [-9.93523015167184e-08]
0 28 364 3.2404757669131774e-11 0.01550917099984872 [5.6925176915958525e-08]
0 16 208 2.8587987529201967e-11 0.010362354000335472 [-5.346773562551716e-08]
0 29 377 1.6689281772961122e-12 0.01839559800009738 [-1.291870031116177e-08]
0 20 260 4.599549427855437e-11 0.011195611999937682 [-6.781997808798995e-08]
0 28 364 9.727380587810074e-11 0.013132478999978048 [9.862748393733905e-08]
0 18 234 1.1610262681429584e-11 0.00879629000019122 [3.407383553612593e-08]
0 25 325 2.2958490854838125e-11 0.011358527999618673 [-4.791501941441548e-08]
0 43 559 8.431372034439726e-11 0.01968673500005025 [9.182250287614537e-08]
0 20 260 1.1321111709908874e-11 0.010960475000047154 [-3.364685974932709e-08]
0 27 351 7.322124782249882e-12 0.013114494000092236 [2.7059424942614508e-08]
0 34 442 3.0340192449255535e-12 0.016056312000273465 [-1.7418436338906985e-08]
0 20 260 1.6280891487676142e-14 0.010982001000229502 [1.275965966931569e-09]
0 19 247 4.842065799105865e-11 0.012526013999831775 [6.958495382700103e-08]
0 10000 130000 0.25 4.731018632000087 [1.8494105987166433e-12]
0 25 325 7.413413107516446e-11 0.012392341000122542 [-8.610117947807942e-08]
0 22 286 1.4446746812003367e-13 0.010790924000048108 [-3.800887634751041e-09]
0 25 325 2.0037954244126071e-13 0.012364590999823122 [-4.476377357208178e-09]
0 20 260 3.6806319430346644e-12 0.00969906299997092 [-1.9184973137939664e-08]
0 26 338 4.391864621353415e-12 0.012613510999926802 [-2.0956776043450515e-08]
0 35 455 7.854883070466004e-12 0.016028034999635565 [-2.8026564310428784e-08]
0 16 208 2.2130441255015125e-11 0.007885433999945235 [-4.704300293881666e-08]
0 33 429 8.913430856745054e-11 0.015727844000139157 [-9.441096788374248e-08]
0 24 312 2.3592831467145807e-11 0.011342200999933993 [4.857245254992361e-08]
0 29 377 1.384098019047483e-11 0.014277766999839514 [-3.720346783631175e-08]
0 25 325 3.3993233224815464e-12 0.01198941799975728 [-1.8437253923731555e-08]
0 37 481 5.209701907647239e-11 0.017121203999977297 [7.217826478689578e-08]
0 84 1092 1.4083257825502e-11 0.03633124999987558 [-3.752766689457526e-08]
0 29 377 7.935722461015906e-13 0.014705861999573244 [8.908267205812759e-09]
0 28 364 3.0815908162944176e-11 0.01633993499990538 [5.551207811183452e-08]
0 28 364 3.4832747727547878e-12 0.016113235999910103 [1.866353335452531e-08]
0 23 299 3.6951311829558075e-12 0.01350195499981055 [-1.9222724008203955e-08]
0 29 377 2.067402375527013e-11 0.018125894999684533 [4.546869665524857e-08]
0 21 273 4.1820308234590245e-12 0.012950746000115032 [-2.0450014238281167e-08]

