0 2111 27443 9.793778336030224e-11 1.2432502779993229 [7.869320729777996e-07, -9.703285464312104e-09, -9.776990023688754e-09, -8.17939833506373e-08, 4.10232645849687e-08, -3.142189108433425e-08, -3.510129284521783e-09, -9.800708164059978e-09, -5.312379516017344e-10, 8.541226714944149e-09]
0 742 9646 8.395147584184885e-11 0.44361162800032616 [1.5945754012717654e-06, 2.3055495324975883e-08, 1.833679214363266e-08, -3.0688651348136354e-08, 3.180045291005712e-08, -5.8704266471721045e-09, 4.82782761803196e-09, 2.4448248950636013e-08, 4.628001578940063e-09, -6.814043932646437e-08]
0 1358 17654 6.074299891732412e-11 0.8297167459995762 [1.9529410575523838e-06, -2.402332477694948e-09, 3.0253859045481956e-08, 2.2876044269114457e-09, 9.005151364213406e-09, 2.4378770508387824e-08, 2.7206576373765787e-09, 4.24825553402262e-10, -1.1526651713125213e-08, 6.285489905150084e-08]
0 1143 14859 8.807778225265345e-11 0.6777528860002349 [-2.444839536732528e-06, -2.4666901387501946e-08, -7.773431492844863e-08, 2.468496944840084e-08, -1.2480412861892513e-08, 1.3240230534891546e-08, 2.1097169804688173e-08, 9.608292029889784e-09, -2.1308750962836964e-09, -8.752819152022597e-09]
0 870 11310 9.954396976753578e-11 0.5286266840003009 [3.6963380836757424e-06, 2.7135094226488796e-09, -9.52236924827359e-09, 1.5437711415828455e-08, -1.4471220320390738e-09, -3.5805297185349226e-08, 3.517211103548921e-08, 4.298632532426352e-08, 6.145683219282252e-08, -1.0285262231222063e-08]
0 1654 21502 4.314066274510947e-11 0.9988354990000516 [-4.843368493131408e-06, 4.3052105908497514e-08, 7.4427850578792404e-09, 9.378161437583836e-10, 1.298598828534065e-10, 6.1592255325447395e-12, 1.5080603922972432e-09, -6.1876731425763276e-09, -2.2179307295171486e-10, -4.225923334936006e-09]
0 701 9113 9.150866604528154e-11 0.4166649710005004 [3.195257663951731e-06, -1.68791823328933e-09, 2.502327956708871e-09, -7.804374307963619e-08, -1.1357768540410458e-08, -2.306365177000592e-10, -2.8028849436178872e-09, 2.981539697715218e-08, 5.596081416916696e-09, -3.1189431158976574e-08]
0 809 10517 9.806614397134521e-11 0.5303892040001301 [1.740249106937623e-06, 5.5174569807827115e-08, 1.2760566868708744e-08, -1.3007350013738205e-08, 3.792165946676977e-08, 1.2144431912370483e-08, -9.848806249528331e-09, -5.253098166475595e-08, -1.3708862761495665e-08, 3.869800907592383e-08]
0 920 11960 8.785011938647446e-11 0.5438281300002927 [-9.168547966484458e-06, -1.6777367660574582e-09, 5.6008709694907615e-11, 1.0542731075862315e-08, 4.601111794812592e-09, 1.951421370821198e-09, 5.820945577816957e-09, 3.714087777251424e-10, -1.3175948822680452e-08, -5.675595714309414e-09]
0 949 12337 9.291401773379292e-11 0.561805385000298 [-8.08814652926447e-06, 1.552580260822233e-08, 6.07829628207804e-09, -6.2198639142253626e-09, -1.8583102769033125e-08, -2.3226972227567224e-08, 1.1035695086927703e-08, 1.0076167447435593e-09, 3.696206212930042e-08, 7.686843582999087e-09]
0 797 10361 9.637025505538257e-11 0.4716320280003856 [-7.732575171044871e-06, -7.747447948558654e-09, 2.4747531719615303e-08, -1.7109086904252454e-08, 4.809115551273953e-08, 1.2868736755794382e-09, -1.7415217145251715e-08, 1.3510744033166437e-09, 4.461971155699033e-09, -7.289021749507158e-09]
0 787 10231 9.119827300086688e-11 0.46767564299989317 [2.9318884123589892e-06, 4.942483275023845e-09, -2.0620351704627043e-08, -2.6502535480111023e-08, 2.1281356656475252e-08, -1.6785809851565074e-08, -2.874351818600968e-10, -3.164435537036504e-09, -4.40545665641529e-09, 7.96495764489483e-08]
0 1528 19864 9.279887239077144e-11 0.8901106570001502 [-7.334407026847707e-08, -3.363462123345588e-08, -4.68701775849977e-08, 7.540880946465896e-09, 2.933388501674235e-08, 1.6330674784735901e-09, 3.910762915584247e-08, 2.5224466247705975e-08, -5.3495560415878695e-08, -1.9452677323600892e-09]
0 1072 13936 4.1274366391499644e-11 0.6296923429999879 [5.647535634930015e-06, 7.742449609404549e-10, 5.9850054021389075e-09, 1.6672826320426195e-09, 5.73722441220271e-09, 1.1233888340080354e-08, -7.880361241700591e-09, 1.031386239323914e-08, 1.8052088017899206e-08, 1.566210280599398e-08]
0 901 11713 9.779704948777248e-11 0.5361263269996925 [9.306620368258956e-06, -1.8383278109591858e-08, -2.7603998784414358e-09, -7.851262907791495e-09, -3.4860288454883293e-09, 2.5842168816070864e-08, 2.638890216288988e-09, 3.2918729006315386e-09, 1.8999173357366815e-10, -3.6569493079606303e-09]
0 1534 19942 9.93800304578533e-11 0.889504983999359 [7.670097284836822e-06, 5.7875663094166165e-08, -1.1275263467482646e-08, 1.7086012790933226e-09, -1.997581150723643e-09, -8.976190468176085e-09, -2.8116552210953927e-09, -7.306388230803173e-09, -3.5729310529998113e-09, -2.0413320909935012e-08]
0 2557 33241 6.432718258820386e-11 1.4727219959995637 [6.889718727654887e-06, 2.823865083340456e-10, -7.681158538185645e-11, -2.3730406206043983e-09, 9.661142448492458e-09, 5.629966405514428e-10, 1.6834905074707802e-09, 7.072549227097058e-10, -1.2883855825980481e-08, 3.764566576469771e-08]
0 911 11843 9.016460563269669e-11 0.5386875719996169 [4.620878350030327e-06, 6.691477198813382e-08, -4.3693556708342126e-08, 1.244792457369741e-08, -4.950813863962866e-09, -8.852922500282739e-09, -1.1529402221618315e-09, -1.1655441176323692e-09, -1.0380810936381952e-09, 1.526087432408928e-08]
0 1046 13598 9.804062361449197e-11 0.6271017939998274 [-5.5485936704848025e-06, -1.7395637060454455e-08, -3.884388085809047e-08, 1.4446738258445686e-08, 6.626571463025816e-08, 5.297793341351355e-09, 4.20902951207577e-09, 2.376963024394711e-09, -2.482315575500292e-09, -1.6014691731483984e-08]
0 1184 15392 9.769992106738389e-11 0.7954441629999565 [2.905352883458098e-07, -2.7383253110674853e-09, -1.5011413014618356e-09, 3.3780316834889872e-09, 3.6955685069369664e-09, 3.6296465132462957e-09, -3.030511832760832e-12, 3.638226711072454e-08, 7.10508258961873e-08, -5.780715606531005e-08]
0 1093 14209 8.329314917273112e-11 0.6532784889996037 [8.927031049648393e-06, -4.368581942342545e-10, 1.1241932754298943e-09, 4.037671228218298e-09, 8.880912932065202e-09, -1.0393364668571644e-08, -8.17111651529091e-09, -4.6495915295401755e-09, 1.2654660876493416e-09, 8.092542371037179e-09]
0 581 7553 9.812668864082022e-11 0.4004949129994202 [-5.0199905698371246e-06, -2.395843021326669e-09, 5.09029044139416e-08, -1.2151093204472207e-08, 4.606314447380229e-08, 1.1885972449494517e-08, -4.409766506714154e-08, 4.583838103867856e-09, 9.121829794464811e-09, 1.5369791459717124e-08]
0 845 10985 9.657584760097818e-11 0.5378984519993537 [-4.457645325617103e-06, -2.978544973965156e-09, -1.0742172998688287e-08, 2.3808066239308285e-09, 2.5033636864855583e-08, -7.235765007112596e-09, 7.898055598116626e-08, -3.499914762008521e-09, 1.1360692273351097e-08, -2.1961514037905663e-08]
0 786 10218 7.263748105646979e-11 0.514755786999558 [1.7482033147561575e-06, -8.229947942067784e-09, -4.55804453096456e-10, 7.902497309957686e-09, -1.5665239987200907e-09, -1.2667832584026137e-08, -7.32840979443418e-08, 5.712196333002503e-09, -3.419366139367388e-08, 9.61325648928019e-09]
0 1053 13689 9.808818320044769e-11 0.6537135579992537 [-3.1738170126476723e-07, -7.097489281949228e-09, -1.6030264085164127e-08, -4.708004707119581e-09, -5.797724931431929e-10, 1.3187630960913054e-08, 3.3856383389166692e-09, -7.941942785211516e-08, 9.971795924687297e-10, 5.454433055397514e-08]
0 1817 23621 8.423998917544877e-11 1.053036074999909 [8.854907317768513e-06, 1.345089944310426e-09, -2.7388597664673054e-09, -4.795172263273698e-10, -1.8401608872353167e-09, -3.1887734322566725e-09, 2.067876367487685e-08, -2.8196488397578053e-09, -1.0891056339535646e-08, 2.405979506098382e-09]
0 1007 13091 6.636180146200802e-11 0.7459062409998296 [5.349301836502356e-06, -4.1426039263052526e-08, 2.3586116026272693e-08, 2.4183833912268126e-08, -3.1114667503292803e-09, -2.2789549851959138e-08, 1.1992534857396283e-08, -1.3263271421919489e-08, 3.844120160855858e-09, 7.3376006128237225e-09]
0 1150 14950 9.206126905353117e-11 0.8338062570001057 [4.271123345507431e-06, -1.4319250224713441e-09, -3.0364181029075784e-08, -2.1896050862601726e-08, 7.506883535046752e-09, 7.443372516931087e-09, 4.74877737629601e-09, -2.135296586983761e-08, 7.255536455119543e-08, 1.1129620024315878e-08]
0 1313 17069 9.935517991866238e-11 0.7533353110002281 [9.802244761422246e-06, -4.456921842072461e-09, 3.5202922211447448e-09, 5.828626268307153e-09, 9.947366654900362e-09, 5.040388187261577e-09, -7.847264501641686e-09, 7.2502341688626956e-09, 4.479074545108404e-09, -1.524821593182783e-09]
0 1689 21957 9.312565064784392e-11 0.9766543969999475 [-3.2672655194788858e-06, -3.117835134280856e-09, 2.4956383288051912e-08, -9.919500714251518e-09, -2.285521129675577e-08, -3.125686934997583e-08, -6.3674530472535045e-09, -6.771283156667104e-09, 4.1913594664084995e-09, -7.688178859188874e-08]
0 1281 16653 9.314789115626777e-11 0.7482563849998769 [-6.740643029746918e-06, 1.706499442905807e-09, 5.695738069268786e-10, 1.2718195104416598e-09, -6.163591608225625e-08, 2.3285046975456004e-08, -3.77094811154214e-09, -3.4739208702469274e-10, -7.806550596208411e-10, 2.025286333952753e-08]
0 1182 15366 9.50651538694244e-11 0.6941240749993085 [-6.575265721687774e-06, 2.990091653725707e-08, -3.627248694152069e-08, 1.2968754428075843e-08, -3.945673531108067e-09, -3.559628507086415e-08, 7.870316893795918e-10, -1.8660534218498377e-08, 3.0445036179658094e-08, -1.5708523517977034e-08]
0 1054 13702 8.814074958810848e-11 0.6157675539998309 [-3.3818877319386927e-06, -6.563308392889236e-09, -6.62666671059755e-08, -4.479700028461599e-10, 3.516807119663989e-09, -3.389764798437733e-08, 8.664569899308219e-10, -6.972620619462649e-09, 4.4993116202755344e-08, 8.015418308660482e-10]
0 1611 20943 9.998379413705514e-11 1.0084001710001758 [9.903831072659284e-06, 3.954525295823986e-10, -6.174366852844123e-10, 1.9560467054417424e-09, 6.245710271102296e-09, -1.1190792943130804e-09, -1.028779122802278e-08, 1.8495587378784012e-09, 4.050011355722678e-09, -4.4164861072758955e-09]
0 1643 21359 2.447681094341981e-11 1.6870602879998842 [-7.236439839411354e-08, -4.149940085444523e-08, -4.436465148407415e-09, 1.8094892507529783e-08, 2.1263336765614225e-09, 1.5784369808676922e-09, 1.0013125525528637e-08, 7.341939186401249e-09, -1.4708756648418701e-08, -5.681288767592641e-10]
0 1788 23244 9.801244974385185e-11 1.5738720490007836 [3.9747272722031615e-07, -3.9719471440310756e-08, -8.350220926292647e-10, 1.7781788284490414e-08, -1.5149709176458777e-08, -3.1103957182933125e-09, -1.0941288389813748e-08, 8.67044978423026e-08, 1.2065643922805894e-09, -3.5909698559308503e-09]
0 1461 18993 9.790676816875784e-11 0.9299634879998848 [3.5792479543210577e-06, 4.305512023557881e-09, -2.681186150843882e-08, -6.658019812851621e-10, 1.6908296366400404e-09, 9.693388042309465e-09, 2.0644010696253975e-08, 3.621020687448556e-08, -7.094251176017777e-08, 3.0078292346003774e-08]
0 1691 21983 9.45925420512995e-11 1.1487784830005694 [5.685157878456162e-06, -7.211166610422176e-08, -1.565525064632815e-08, 7.244904516356902e-10, 2.9042488868147996e-09, 8.245726245919557e-10, -9.220446467563574e-09, 2.5180527962077575e-08, -6.01497794397865e-09, -4.132539716152769e-09]
0 964 12532 8.350042901718945e-11 0.6099654790004934 [-1.1623326392866904e-06, 4.997673813635909e-09, -4.870124862798248e-08, 6.222488527203656e-08, -8.928146606432985e-09, 8.220918267181156e-09, -3.3297810437734356e-08, 1.2542420620584304e-08, -2.058727617568174e-08, -1.0441682929838089e-08]
0 1058 13754 9.30319664123154e-11 0.6238948689997414 [5.255321289160912e-06, 2.21702017404071e-08, 8.147579815183686e-09, -1.628492525474128e-08, -6.726312709135606e-09, -1.1666345847865755e-08, -3.2185392444011835e-09, 7.260113537463365e-08, -5.736224001451884e-09, -1.4923864678478613e-08]
0 1120 14560 6.650109028021139e-11 0.6648108119998142 [3.1159855518944843e-06, -9.483262136831877e-09, 7.455168263023396e-10, 6.801741476316799e-09, -9.66307780598565e-10, 3.552261458148831e-09, 3.757360774058594e-08, 1.5944311040812155e-08, -6.133139386995766e-08, 1.0066352339325527e-08]
0 1124 14612 9.63383916895166e-11 0.672235351999916 [-2.12976873910089e-06, 6.730752404262228e-08, -3.253765165904361e-08, -1.2330063817571084e-08, -2.414295478394993e-08, -2.2831883333119885e-08, 1.97353064543253e-08, 2.440755465696579e-08, 3.673374985695054e-08, -6.775343524408518e-10]
0 1178 15314 1.5806102088581027e-11 0.6799413440003264 [2.299356577169472e-09, 2.7635094115408433e-09, -4.522942028699835e-09, -2.84747083556515e-08, -8.777007694239753e-09, -4.413535234305274e-09, 7.497601869886917e-09, -3.826253003984285e-09, -2.0008103897773383e-08, -1.3191400630291269e-08]
0 1117 14521 6.282352292661315e-11 0.6473353129995303 [2.987587443029837e-07, 4.238074493318781e-10, 5.8017948023273905e-08, -1.453240892828976e-09, 1.755478233645411e-10, 3.7205102156324034e-08, -2.6632740191151137e-08, -1.1568882463076866e-09, -4.3959093262925456e-09, 2.812182597990341e-08]
0 1105 14365 9.49093360986036e-11 0.708078263999596 [-2.4528527402626295e-07, -7.049720647993294e-10, -6.812668629380919e-10, 1.8001386812297437e-08, -7.410406289101304e-08, 3.712560070597173e-08, -4.0044154990493694e-08, -1.5294293875994594e-08, -1.665111252334892e-08, -1.3246675013400405e-08]
0 876 11388 9.367171706468956e-11 0.5444788889999472 [1.6281455115902136e-06, 1.856622987604364e-08, 6.646084063393348e-08, -2.021692826689809e-08, 1.352428017223914e-08, 1.8313315849120542e-09, 4.0544785082129616e-08, 1.737962341560918e-08, 1.5829067056551924e-09, -4.23900587052592e-08]
0 1495 19435 9.260522795168104e-11 0.9118216359993312 [-9.221228211659888e-06, 1.5271499021336745e-08, 3.540668652887777e-09, -6.537724812301076e-09, 6.736213538047059e-11, -4.1530794932265535e-09, -9.731972192300183e-09, -8.835788403756333e-10, 7.600515741572884e-09, 1.7274504873835596e-08]
0 1024 13312 7.52442297503823e-11 0.5999829229995157 [1.3137701761824896e-07, -4.548743304447428e-08, -5.734456513856785e-09, -5.1807268984797246e-08, 2.593015032039584e-09, -3.205332801346626e-08, 8.753395838379933e-10, 9.045118537131336e-09, -3.320322885872358e-08, 2.274948236194871e-08]
0 874 11362 7.101105426047714e-11 0.505452245000015 [3.165001778051506e-06, 7.2226096940145675e-09, 1.1272688800313203e-08, -4.179585757810461e-08, 5.162087244963923e-08, -2.412963317260027e-08, 9.159361428662177e-11, 2.830591746847663e-08, -1.1828502629311313e-09, 1.1120356509470865e-08]
0 873 11349 8.787510182531599e-11 0.5104311569994024 [2.5558408034481868e-06, 2.769997030821402e-08, -1.3578106148214118e-08, 8.705451349184739e-09, 1.2945863173229773e-08, 5.8955624615576127e-08, -7.112709164830701e-09, 1.3437116116814437e-08, 4.8989777951007614e-08, -2.8850193143745768e-08]

