0 653 8489 8.479579925883173e-11 0.4207808680002927 [1.2005357508422051e-05, 1.686305119868808e-06, 2.9147080665460166e-06, -4.281144928341967e-07, -2.4137853559731846e-07, -2.1414700887855038e-07, -3.0682446191228103e-08, 1.844479076752718e-08, -2.1588133186537064e-08, 6.985327412770401e-09]
0 869 11297 1.3556791735449299e-11 0.6215527960002873 [5.621317087512846e-07, -1.5361040312200692e-06, -1.7185858537093702e-07, -6.269255250309337e-09, -2.899339587112198e-07, 3.3572464623329144e-08, 2.3239079196680067e-07, -2.24181676848748e-09, 8.190674247109624e-09, -2.6304807390732035e-09]
0 604 7852 3.71083297603508e-11 0.4321758139994927 [1.3437571756811302e-06, -3.302342375541385e-07, -1.3542998132032464e-06, 1.598467418792757e-07, 8.097768379866413e-07, -2.7194324815284944e-07, -1.6353546141331226e-07, 4.164463304494594e-08, -1.663302984484563e-08, -4.3705103325298645e-08]
0 633 8229 9.504618624015513e-11 0.467597592999482 [1.1022616396373685e-05, -6.554727395325836e-07, -2.010875121604904e-06, -8.377363141871177e-07, -2.883623233195425e-07, 2.619199180724277e-07, -4.058261253925118e-07, 4.1593643820964036e-08, 6.799233873072933e-09, 2.7641840350019275e-09]
0 632 8216 9.955549553331106e-11 0.44015842999942834 [-1.5853320223589855e-05, -8.266551924568617e-07, 2.3526909176419193e-07, -6.070631075284971e-07, 2.4090447735951496e-07, 7.509156165118798e-08, 6.195141938525934e-08, -8.24384791347923e-08, 6.143006261602282e-09, -5.544032171959173e-09]
0 726 9438 9.678410453700769e-11 0.5337144539998917 [1.2925275332679923e-06, -1.2726551870618987e-06, -7.702320505699864e-07, 1.1894183318071653e-07, 1.2036797302351625e-07, -1.220722292048189e-06, 6.473829951112377e-09, 4.418325851047141e-08, -2.4292432715091368e-08, 2.031668952427025e-08]
0 550 7150 9.95680864457091e-11 0.497460697999486 [1.0268612906003355e-05, 7.834486263892069e-07, 1.343830347085639e-06, 2.378016286414288e-06, 4.4002616098075646e-08, 2.0479646438322425e-07, -1.914303268860614e-07, 2.5161009383707155e-08, 6.282216062331292e-09, -3.000977137702511e-08]
0 699 9087 3.4223699891212563e-12 0.5858496840000953 [2.502819032337439e-06, 1.944202501803704e-07, 2.261948162207396e-08, 1.790125578678683e-07, -8.443841698136097e-08, -7.045915311362477e-08, -4.447249592988002e-08, -1.397445232741687e-08, -2.9699645254096642e-09, 4.265772929266458e-10]
0 1076 13988 9.679588994799514e-11 0.9535946639998656 [-1.2613773861581999e-05, -4.739036783760818e-06, -1.602260095151516e-06, -2.0145333138065394e-08, -1.7793837154092152e-08, 3.4153412613172956e-07, 1.0166859415048053e-07, -1.4510702208262204e-08, 2.179231640156545e-09, 1.8142869860731356e-08]
0 694 9022 3.313800819377014e-11 0.6449198079999405 [-2.9988122953107393e-06, -4.398663806626556e-06, -4.7176698822757655e-07, -4.6147697539343197e-08, 7.653046651632367e-08, 1.8835722001747887e-08, 2.3763684395957714e-07, -1.7613475240570184e-08, -1.1916790612619708e-08, -2.754536733483336e-09]
0 731 9503 8.605041104074484e-11 0.6317222489997221 [-1.182856704229369e-07, -6.775613786113498e-06, 5.569670078176173e-08, 7.910265094930427e-07, 2.513336996592945e-07, 5.751917110568913e-07, 1.1698679506046252e-09, -1.0500995526592095e-07, -8.332998616419224e-08, -6.556064281612081e-10]
0 672 8736 9.991591119985874e-11 0.46188114599954133 [-5.357603512149106e-06, -5.33780669377221e-06, -3.7927294798256386e-07, 7.726705184930509e-08, -1.9186182737573723e-07, 1.760630898484132e-07, -5.274995080311135e-07, -1.1342039790641983e-07, 6.561026995975682e-08, 4.2068686811232375e-09]
0 625 8125 6.137578580593939e-11 0.4466867650007771 [-3.854423030344866e-06, 3.347259169742585e-07, -1.5247878277791015e-06, 5.366938789959617e-07, 9.751639177364728e-07, -6.567488473562488e-07, 3.396850636800798e-09, -3.780495551491322e-08, -1.1539150049146671e-08, -3.472192339016071e-09]
0 616 8008 9.975845785384987e-11 0.43205980700076907 [-6.475505193182927e-06, 1.242300160325991e-06, 1.3406439880671236e-06, 6.365757974889253e-07, 3.1333619629267195e-07, 7.619712012725477e-07, -2.934163456346603e-08, 2.6003888413246374e-07, -6.843104837442746e-08, 1.1881130326290666e-08]
0 519 6747 7.588642143726101e-11 0.3474093670001821 [6.224968970694418e-06, 1.3031999317914226e-06, 8.742443736080661e-08, 2.1635786973165265e-06, 3.431537268182681e-07, 1.699922545619703e-07, 6.302362731301289e-08, -1.9479245931801832e-07, -4.94222073360655e-09, 1.988725848900028e-08]
0 545 7085 8.708911225557173e-11 0.3501798620000045 [1.8295499218362637e-06, 4.8814811836639195e-06, -5.249849975618748e-09, 2.86035274930747e-08, -5.350556489085298e-07, 2.3184735209240812e-07, 1.7910344530867706e-07, 3.0821957238362437e-07, 4.2855803388833866e-08, 1.5314504843299672e-08]
0 763 9919 9.656204168320645e-11 0.49883001599937415 [-1.710335525762577e-08, -1.675546888538503e-06, -1.9069372258919658e-09, -3.27287995828655e-07, -1.6244800492009726e-07, 1.2069701036147739e-06, -2.417096774538358e-08, 6.01402191328971e-09, -6.16355219410173e-08, -1.09623561319478e-09]
0 507 6591 9.068629106099309e-11 0.3421597839997048 [2.600745435129463e-06, 1.3197786235761115e-06, -3.5506125565086667e-06, 1.5250047272288988e-07, -2.1564279127392135e-07, 9.061396291237291e-07, 3.787765763641237e-08, 4.078928511517031e-08, 3.0668157334148507e-09, -1.2617152523766365e-09]
0 506 6578 8.989829720272656e-11 0.34188834500037046 [3.5309835873096e-06, -4.0389954311659285e-06, -1.0809016896619874e-06, 2.0175436404853178e-07, -7.447925524265378e-07, -9.306878353016386e-08, -4.2161581102324744e-07, -2.129664090432577e-07, 3.733399057873364e-08, -1.2522643337844543e-08]
0 598 7774 7.940557899743599e-11 0.37849671999993006 [-3.7916892704066625e-06, -3.2011676528137178e-06, -2.982654563509409e-06, 2.9484269192175516e-07, 3.7386476208997073e-07, 4.6840266234201296e-07, -7.766985004844604e-08, -8.917888601794227e-08, -2.7065051038451202e-09, 7.01647604793869e-08]
0 561 7293 9.771844564017747e-11 0.3749996619999365 [-1.6095379108489516e-07, -6.6930970964965764e-06, 6.430000936242178e-09, -1.6262171832489285e-06, 9.184795668224127e-07, -4.646403291802235e-09, -3.484862479304981e-08, -2.9784630926324025e-08, -1.7973935721626128e-08, 6.066849329729588e-08]
0 834 10842 9.972007267751393e-11 0.6251960660001714 [-2.227432058268055e-06, 5.69112075519181e-06, 3.6687509776649723e-07, -1.1093105400131468e-06, 1.5383478218986448e-07, 9.741893253449227e-08, -5.086805210268473e-07, 6.259899391122926e-08, -8.480104571716303e-08, -9.094299509221025e-09]
0 614 7982 9.907892225666285e-11 0.49852760300018417 [6.263697753932428e-06, 5.647938123882699e-06, -1.3946934064630743e-08, 5.850501129550517e-07, -1.7064396073219742e-07, 1.0781233243738275e-07, 4.848524872436149e-07, -1.1195605389959708e-08, 8.704406160395792e-08, 3.6179554062292775e-09]
0 739 9607 9.459146499640169e-11 0.5678118469995752 [1.3945674751352749e-05, -1.172600481671816e-07, -1.622069917813301e-06, -9.493922623513751e-08, 3.868653409235158e-07, -2.0006370404804347e-07, -3.191540126545208e-08, -1.3313114832747105e-07, 4.9362662729579343e-08, -5.9201625765721076e-09]
0 1102 14326 6.677055575860466e-11 0.7584074799997325 [-2.157532511232861e-06, -8.054064185908263e-06, 4.981179118472651e-08, -7.203540904598645e-08, -5.171323715993773e-08, 1.4883855545826259e-08, 1.3706024239916257e-08, 1.2739858298680213e-08, 1.963660960994737e-09, 1.4613108834521406e-10]
0 725 9425 9.631836643079668e-11 0.7970383050005694 [1.5323335334412008e-05, 1.1208375128573704e-06, 1.411518296188706e-06, -1.6686628418764554e-07, -6.359505548813184e-08, -1.661996635583434e-07, -6.843987548709214e-08, 6.14677072455337e-08, 8.446516325564987e-09, -1.2347551559936692e-08]
0 652 8476 9.938665197027018e-11 0.5169413300000087 [-4.698232651425269e-06, -3.878796569164734e-06, 4.957508520783318e-06, 2.4822258847023023e-07, 3.989441337262946e-08, 8.797726205057057e-09, 4.946318225054306e-08, 5.271541067587948e-08, 3.4576897706009455e-08, 3.444566703621833e-08]
0 797 10361 9.451143281192874e-11 0.571771811999497 [7.307450280320063e-06, -1.4254037249590654e-06, -5.046413536080446e-07, 4.439929098714237e-07, 1.3518665446290477e-07, 1.5871954712479033e-07, -8.073953891007291e-08, -1.6054047720400097e-08, 1.927055380440133e-07, -7.456420668184646e-08]
0 803 10439 9.942764279120453e-11 0.5289209239999764 [-7.875232243031912e-07, -7.3673510460613706e-06, 5.584480310113878e-07, -1.8801913212075855e-06, 4.719344680733513e-07, 3.7827569015493265e-07, 5.298699344731767e-09, 5.4780888627464825e-08, -2.655564458690684e-08, 1.670595412330951e-08]
0 735 9555 3.241714683400352e-11 0.4600792140008707 [-1.9774603168637616e-07, 2.890002528391358e-07, -1.6577211006850245e-06, 3.5994480227555383e-07, -1.689522605677748e-07, 1.0826002158208935e-07, -1.5308625924613596e-08, 2.7351113114417546e-08, -1.2414576942025004e-07, -2.394380572469942e-08]
0 491 6383 8.395516937442916e-11 0.3061500200001319 [5.580189056242367e-08, -9.372797982563779e-07, -2.8666485833018245e-06, 1.2125745463430016e-06, 1.8334368612477664e-08, 2.232955755618353e-07, 7.022464405004549e-08, -6.992918795222534e-09, -1.8660328940215055e-07, 1.7239867466258616e-09]
0 761 9893 6.667573079797445e-11 0.47249093200025527 [-8.997960674595282e-08, -4.166110762082657e-06, -3.272475412862021e-06, 1.3688410636280398e-08, -4.4194559894646506e-07, 3.646260626080434e-08, -2.997282744646586e-07, 4.387521110122822e-10, 4.710206818549558e-09, -7.718028037252157e-09]
0 630 8190 8.186111559526359e-11 0.41426627099917823 [4.3773264363863006e-06, -7.097798547928994e-07, 4.227469874874483e-06, -8.281930406812179e-08, 2.4504864651822713e-08, -6.13256687550578e-08, 8.795972992402811e-08, 2.5265126691323928e-08, -8.34873790027408e-08, -6.210633397164606e-08]
0 698 9074 8.487441176725282e-11 0.43602978400031134 [-3.107375764962972e-06, 7.111353024175805e-06, 5.02497055265508e-07, 1.7165213803510378e-07, -9.98996396121265e-07, -1.5285903511521324e-07, 1.8045582759649624e-07, -3.190385900314573e-08, 2.9126675527769533e-08, 2.0197551260775747e-10]
0 840 10920 9.928830973897409e-11 0.5136092410002675 [-3.22828640683225e-06, 1.6720366598087646e-06, 3.8066876096478173e-06, 1.9831786203721425e-07, -1.301960095932655e-06, 8.711267971133435e-08, -1.6997629887226866e-07, 1.0194564518833656e-07, 6.362250093811211e-08, -8.744738187910577e-09]
0 610 7930 9.907933741430806e-11 0.41896423700018204 [8.359595982305234e-07, -1.9845557296074833e-07, 5.221765435115234e-07, 3.34144347321543e-06, 9.806742404052095e-08, 1.2625284460573375e-07, 2.1134565725914784e-07, 6.066051780083463e-08, -2.4342771965679074e-08, 1.1732510674749143e-08]
0 653 8489 6.502842114461727e-11 0.39839618600035465 [-1.0566941340160738e-05, -2.1428756234293005e-06, -1.1087384171480558e-06, -1.8631833321452947e-07, 3.8278074393979384e-07, 2.3557220733309914e-08, -8.083482093128785e-08, 2.8072728420497875e-08, 9.307319839523328e-08, 1.477525569965692e-08]
0 659 8567 7.369877515007637e-11 0.4021217700001216 [5.276455778164488e-07, -2.0690786504302433e-06, -2.854389789222587e-06, -1.885373075491205e-06, 4.686938785969731e-07, -3.3140360711638315e-07, 4.447812946774422e-08, 8.450590931351447e-09, -7.318064669983072e-08, -1.2117624425405948e-08]
0 790 10270 8.135920073743287e-11 0.47626781099916116 [-5.5220226066648e-06, -5.3188290649945795e-06, -5.346748564577366e-07, 1.212369467964682e-06, -3.0398610853047895e-08, -1.9593901564672969e-07, -3.367012057338478e-07, 1.2366361531652845e-07, 3.497324977942679e-08, 2.6129535601659422e-09]
0 628 8164 9.970265581725318e-11 0.38174415599951317 [1.5775334604401274e-08, 7.953053764096893e-06, -1.768452869524085e-06, -3.5375387435538006e-07, -6.672049006509122e-07, 2.1242478404213945e-07, 2.2305288541994455e-07, 2.7994719208063512e-08, 9.639273986468822e-09, 3.983046830819575e-08]
0 580 7540 9.881237097665007e-11 0.34991814799923304 [7.230101985939649e-06, 3.0997555349179662e-06, 1.191646463539168e-07, -2.2488115416070803e-07, -5.075339011447323e-08, 1.4402124885316728e-07, 6.454228833589536e-08, 3.6387829025627594e-08, 2.280414443106033e-07, -7.710084790555596e-09]
0 733 9529 8.718874792866791e-11 0.47145136400013143 [8.043990879694485e-07, -5.8213641871634e-06, -9.286928694644239e-07, 4.066215417862973e-07, 9.24515435226492e-07, 1.443799929987662e-07, 2.0978867442805205e-07, 8.266249081997437e-09, 1.0391997038650987e-07, 4.835331181416454e-08]
0 604 7852 9.616050796984079e-11 0.4116476210001565 [-2.0951713302466948e-08, -2.931827676700727e-07, -1.244801036925771e-06, -6.384729687267095e-07, -1.2965728264517963e-06, 1.2622370247815556e-07, -1.7093248743455796e-08, 8.38781181819165e-08, 1.9220502894604773e-07, -1.0620263042950779e-08]
0 680 8840 8.738522444648166e-11 0.44572914999935165 [-7.334867070034852e-06, -2.8644758650606164e-07, -2.125699419676457e-06, -3.175779861527881e-08, 6.279260017845682e-08, 7.181504404293347e-07, -2.817288641077028e-07, 8.328783069265369e-08, -7.762967139933432e-08, -6.274022213604329e-09]
0 712 9256 9.781320078183092e-11 0.4643207210001492 [-4.565568581200895e-06, 2.5012222404542456e-06, 6.492582637379496e-07, 4.3371988453808096e-07, -4.8280142690038876e-08, 1.153878595267388e-06, -1.960438993307103e-08, 2.2740903560501805e-08, 2.788266573551373e-08, 8.515454332784833e-09]
0 863 11219 9.141031757109044e-11 0.5367373859999134 [-5.740525280190036e-06, -4.548631452016297e-06, 2.9043728907701734e-06, 4.996935346209287e-07, 1.3987797332639524e-07, -4.5784621492376346e-07, 3.3457639594196207e-07, 7.842061389248098e-09, -1.1563498380896182e-08, 2.116457531824567e-08]
0 626 8138 9.985581193366711e-11 0.3956929770001807 [2.748879645299919e-06, 7.975378119269086e-06, -2.97696116267852e-06, 7.264706131349013e-07, -2.3937563747954523e-07, -4.8899317400456166e-08, -2.9482328388862304e-09, 5.0626785107131286e-08, 4.127195171665419e-08, -2.266531056085372e-09]
0 728 9464 9.865272175018574e-11 0.4425196110005345 [3.4124083525519516e-06, 1.416697462361295e-06, -3.2384328200320117e-06, -2.719294449933667e-06, 2.37986206995418e-07, 6.512636901658104e-08, 1.9492258006442122e-08, 5.591145974466279e-09, -5.5223421563297195e-08, 1.2194148062575617e-08]
0 680 8840 8.825334485777679e-11 0.43628996400002507 [-9.346749113898222e-07, -1.201063908357122e-06, -1.264083376313792e-06, 1.1423485962471301e-07, 1.7289429681935463e-06, -2.6458222485814107e-07, -1.3032429121581904e-07, 5.928977034904415e-08, 6.467658011096457e-08, 3.1136565151576135e-08]
0 529 6877 8.364298908217128e-11 0.32563643399953435 [-1.3451461925769476e-05, 8.211786724969237e-07, 2.2110940866375834e-08, 2.6666118108896623e-07, 6.379234014714152e-08, 3.087047062839816e-07, -6.203578196058388e-10, 1.1408940748421281e-07, 3.394861162292527e-08, 3.360580213032655e-08]

