0 326 4238 4.612649030790796e-11 0.19863710799927503 [-4.825340795175904e-07, 1.5538716131282534e-06, -9.854786060138768e-07, 1.3792575463100988e-06, 7.871266455369804e-07, 1.8469706275286836e-06, -3.4689046418318966e-06, 4.430102662766641e-06, -2.2152176030613565e-06, -9.191200795329456e-08]
0 281 3653 9.280355824508897e-11 0.1709220410002672 [1.8304471064752768e-06, 4.880284373077551e-07, 5.187367728915054e-06, -8.06747313678335e-07, -3.073303799275033e-06, -6.676044128685209e-06, -2.3808062709057317e-06, -6.669396834491612e-08, 7.451416497859399e-07, -1.1885035055538162e-06]
0 413 5369 9.775284555119689e-11 0.2725287089997437 [-1.4022062809619918e-06, 1.0468147854210218e-06, 1.1085310456601818e-06, -4.0427032964065727e-07, 5.145800198908756e-07, 9.62112628511855e-06, 1.043459129155405e-07, -3.6461713180110615e-07, -1.446106299964192e-07, -5.504150938231742e-07]
0 427 5551 4.098277158854857e-11 0.2913285039994662 [-3.976632457845664e-07, 2.009626068033936e-06, 1.474319524558512e-06, 3.965525180601786e-06, 1.1310191153390754e-06, 1.747027240053003e-07, -1.3344284014342036e-06, 2.120450635752532e-06, -3.072274555426427e-06, 1.364340242579683e-06]
0 492 6396 3.9449608433602284e-11 0.3337577529991904 [-2.3504193146713616e-07, 2.416630191913645e-07, -1.7074292729004704e-06, 8.521888199706527e-07, -5.004010988648012e-06, 1.984750282323223e-06, 3.935271587134256e-07, 3.1041400761864313e-07, 2.112066558684558e-06, -1.4152798011674816e-06]
0 414 5382 9.926472509608577e-11 0.26220035400001507 [1.3132310250567107e-06, 3.3693965796374154e-06, 3.2559524355034537e-07, 5.256666830362368e-06, -3.484940080097454e-06, 2.220937032839345e-06, -2.5956638753306735e-06, 5.6648713514767005e-06, 3.1066949048009194e-07, 1.5641723215449281e-06]
0 450 5850 6.522604664228111e-11 0.32802722199994605 [4.06999352300726e-06, -1.7206174959462291e-06, 3.927695124194905e-06, 3.0751217646071585e-06, -1.0373015379842391e-07, 8.984406608888009e-08, 3.866048785638733e-06, 4.2415150299997914e-07, -2.3685973307595056e-06, 2.493772545428904e-07]
0 335 4355 8.739874252487995e-11 0.2345128239994665 [-3.0443487653402603e-06, 3.422672475447634e-06, 2.384496549232234e-06, 2.612985217583867e-07, 4.798810653238521e-06, 2.9030943420268167e-07, 3.2502410308347004e-06, -4.808735103764504e-07, 1.39500573694824e-06, -4.9807313904733425e-06]
0 414 5382 6.345501622634001e-11 0.2804913330001 [-2.2832529022565636e-06, -6.179772973942492e-07, -3.4559669312546613e-06, 1.045923245562098e-06, -5.786299612046549e-07, 6.238773484143195e-06, 3.9143926782421907e-07, -1.930918109276054e-06, -1.228348950376136e-06, 4.178466196851542e-07]
0 387 5031 9.431433477993816e-11 0.23954761100048927 [-5.121742115948732e-07, 1.0754247033495703e-06, 8.127913714714839e-07, 1.4035350655761076e-06, 5.4654769315611465e-06, 1.5823930369168397e-06, -1.2376248062184212e-06, 3.5141092040884517e-06, 6.58290521547101e-06, 8.211017127548049e-07]
0 446 5798 7.284835581829328e-11 0.3078581760000816 [2.6888288889478614e-06, 5.431522547784317e-07, -1.58188541163857e-07, 2.454177566120715e-06, 6.738433960089574e-06, 2.4338853014635892e-06, -9.913995230681398e-07, -1.760399067524902e-07, 3.737749029548729e-07, -2.606083052287284e-06]
0 387 5031 8.729465752855749e-11 0.24001967500043975 [1.1897167695569557e-06, 6.270744567574895e-06, -2.8559748583073043e-06, -7.960956475582022e-07, 2.2515019394972836e-06, -3.5389890465628523e-06, -3.5519169455862173e-06, -1.9584344846007805e-06, -1.909634171676369e-06, 2.732154643789631e-07]
0 320 4160 8.944717761506968e-11 0.20941696899990347 [1.0703022350328277e-06, 1.1817617573524304e-06, -1.9525872866212932e-07, -5.835477516264674e-07, -5.461741388465016e-06, 9.957125603802444e-07, 7.302606474958392e-06, 1.4764410985290089e-06, -4.276488260921651e-07, -1.1631972621661527e-07]
0 334 4342 9.998132490092698e-11 0.22432717199990293 [7.531095143588532e-07, -5.565797608429619e-06, 1.934533192115225e-06, 1.484321484239811e-06, -5.431496362249588e-07, -6.438700591312064e-06, 6.827372155714863e-07, -3.5430856105874285e-06, 2.7358816453831144e-06, 4.836404071425933e-07]
0 360 4680 9.4996777165947e-11 0.24631521300034365 [1.3782320603545515e-06, 1.693612202364061e-07, 7.166344406302497e-07, 7.235463054283544e-07, 3.0081510753399236e-06, 6.302630920447466e-06, -1.517603582727412e-06, 5.973803634405169e-06, 1.4853210689069751e-06, 1.7503506983784076e-06]
0 427 5551 6.091964434635977e-12 0.28369168500012165 [-9.084953916307191e-07, 1.3604446286244773e-07, 7.159744357605209e-09, 1.5477823672704673e-07, -5.2574608160427484e-08, 8.838100606138565e-07, -1.39317068688803e-06, 9.718811350043769e-07, 7.860185470669302e-07, 9.679348765606244e-07]
0 380 4940 9.819670218088751e-11 0.2439445070003785 [-2.7874020274631966e-06, -1.3826454981398822e-06, -1.7351356932498203e-07, -6.0026210489309485e-06, 3.442468354478234e-07, 4.935200834752082e-06, -2.2796342005658804e-06, -6.115761430957276e-07, 2.2134879529668733e-06, 4.184353902416698e-06]
0 329 4277 9.741265253523133e-11 0.22966394899958686 [4.462370593053208e-07, -9.282982495052257e-07, 4.7646675433188996e-07, 9.978673844606882e-07, 7.352931389270255e-07, 7.171892690608291e-07, 6.618372815723885e-06, 4.034883374194568e-06, -3.819589066450913e-08, -5.8300437006945295e-06]
0 409 5317 8.965582297223649e-11 0.2702595069995368 [2.1884359845151287e-07, -1.5693345527232102e-06, -3.354966217616352e-07, -6.228490395513211e-06, 5.798579003281391e-06, 2.029899471119748e-06, 1.6675618917355889e-06, 1.3107676617249178e-07, -1.4617313617876852e-06, 2.3579347419909227e-06]
0 382 4966 9.50131632850206e-11 0.35029480600042007 [-2.660355518474499e-06, -8.155326393845005e-06, -3.4812560377016784e-06, 1.2934762351578682e-06, 8.294387165026031e-07, -1.6674958305693396e-07, 3.989780231021039e-07, 1.4948856811906306e-06, 2.0748262681157454e-06, -4.685660313678707e-07]
0 283 3679 9.96340701179725e-11 0.31390367500080174 [5.119447580717959e-06, -1.2186040580429562e-06, 3.6603203018252805e-06, 7.14910661190989e-07, -3.457403592767931e-06, 1.1988692077350595e-06, -4.084401670643555e-06, -3.36061233059009e-06, -1.2554841551813596e-06, -3.8843363760640756e-06]
0 387 5031 9.562261564933238e-11 0.5165611000002173 [4.830174665172992e-06, -2.7397089891081484e-06, 2.3263709386035274e-07, -1.6968007398983886e-07, -1.0872870630327572e-06, -6.774484547986462e-07, -8.509934557017427e-07, 1.9871520844481165e-07, -9.002834453842355e-07, -7.841415319903004e-06]
0 384 4992 6.592591809684163e-11 0.4934316230001059 [1.5235100391809675e-06, -7.675366672546008e-06, -4.630189816411328e-07, -1.2867365342429311e-07, -5.374785804238392e-07, 9.440155133948618e-07, -8.99540215597647e-07, -1.5324516624649306e-07, -8.836420442996673e-08, 1.56272991455863e-06]
0 357 4641 9.785820360343954e-11 0.45082572100000107 [-1.4645224229831886e-06, -2.0030964240962857e-07, -1.7504686246083532e-06, -1.7858609115589895e-06, 2.9962478992894044e-07, -5.200167532653625e-06, 2.37913636084584e-06, -7.588752402194685e-07, -8.138854882619872e-07, 7.44242606264106e-06]
0 428 5564 9.65156452047751e-11 0.49656294800024625 [-8.787993315957348e-08, 2.5308522075672797e-08, -1.016806986339912e-08, 7.897873333009092e-07, -6.40849454400316e-08, -9.663311135319025e-06, 9.498721959902588e-08, -3.6511380459677876e-08, -5.020635364931719e-07, 1.4957613291120397e-06]
0 284 3692 8.910963483075461e-11 0.2970119470001009 [-9.056474482776582e-07, -9.897184480104018e-07, -1.227589957596265e-06, -2.881407807066051e-06, 1.2585618065594954e-07, -7.074750902580017e-06, -8.605074085354628e-07, 4.400074214033272e-06, 2.670956404566097e-06, 4.442212885878026e-07]
0 454 5902 9.99772324800766e-11 0.37616063600034977 [4.119871281425052e-07, 1.828998590228145e-06, -1.1337463368683444e-07, -1.1018666187379614e-06, -9.302292912901245e-06, -3.435673041501886e-07, -2.1560376263261764e-06, 1.8286568902734657e-06, 7.118891356484669e-07, -2.921250594957192e-07]
0 347 4511 9.909906198484378e-11 0.20918219000031968 [8.517516465954755e-06, 2.2940572837217444e-06, -2.327149134337267e-06, -2.7907979079710963e-07, -5.307662571455833e-07, -3.5279448438862055e-08, 1.2130988968155418e-06, -3.83934921754239e-09, -3.746683407820609e-06, 5.0498527268844736e-08]
0 369 4797 7.135941951936737e-11 0.2538521460000993 [4.594051642481356e-06, 2.164626810679568e-06, -2.7799224400136245e-06, -7.753188161754608e-07, -2.628798439195853e-06, 4.5679468690727224e-06, -1.2388874519114153e-06, -3.452079505907025e-07, 2.7380527697595664e-06, 5.583442545862201e-07]
0 367 4771 9.982844067133141e-11 0.24180232799972146 [2.571633800970464e-06, 9.440462792567715e-08, -2.007590262039348e-07, 6.323124773836609e-06, -7.094756346955926e-06, 1.5575004783563079e-07, 1.050164784134372e-06, 1.1599503587600978e-06, 4.3881881204229547e-07, -4.28133601410976e-07]
0 344 4472 3.89948890645907e-11 0.22501044000000547 [4.604671667126109e-07, -4.138120947108399e-06, -1.9399867416716134e-06, 2.2608512342991756e-06, 1.0358808227858935e-06, 1.8121259026466204e-06, 1.2714860851727556e-07, 2.033983039058397e-06, -1.6745826636361282e-06, 1.2122239823337568e-06]
0 423 5499 4.170955771880945e-11 0.2854529799997181 [1.3809570673393381e-06, 1.356024117223069e-07, 2.937818046458748e-06, 3.860857569552639e-06, 8.960570750199087e-07, -1.689728373043403e-07, 2.583343555899354e-06, -1.7011147246279315e-07, 1.606856883945651e-06, 2.4760998058733112e-06]
0 323 4199 9.952538834595768e-11 0.19592499900045368 [-3.1305067785292183e-06, -1.0015695795127795e-06, -1.9880918355846677e-06, 8.0763915339505e-06, -1.6681939319836212e-07, 1.6695915807910784e-06, 2.6755423665850217e-06, -1.8103482905284644e-06, -1.6743701577973367e-06, 1.867296603708336e-06]
0 305 3965 9.29509582336338e-11 0.20202351399984764 [1.5773037651876383e-06, 6.507745852511929e-06, 1.2353523351467295e-06, 3.0064589791652875e-07, 4.246960782982953e-07, 6.213165902811467e-07, 2.5202832810877654e-06, -4.35374802601849e-06, -4.114732624339991e-06, 1.9213162967369927e-06]
0 318 4134 5.537115705967185e-11 0.1875587180002185 [-3.1775153865567414e-06, 1.7471694397518755e-06, -1.596568481218117e-06, -2.0430623065987848e-06, 5.447095562491157e-06, 6.56891466902637e-07, -8.929655073773995e-07, -5.475034568868921e-07, 6.825492527247823e-07, 1.9579172841404397e-06]
0 408 5304 3.5619582355215944e-11 0.271273664000546 [9.726399102636152e-07, 3.103177876942363e-08, -5.139333598048278e-07, 4.53090633594405e-06, 1.1788448449725866e-06, 1.7640374820691083e-06, -9.317676757299217e-07, -8.13563557831234e-09, -1.379620288091742e-06, 2.5702604010853864e-06]
0 354 4602 9.556398904229654e-11 0.21795381499941868 [4.0619099757828086e-08, -1.2482331359331379e-06, -7.10519244222047e-07, 3.629032163540982e-06, -4.516020958246626e-06, 9.675877774559562e-07, 1.908519405703507e-06, 1.6258608059227498e-06, 6.935337020238131e-06, -2.1480457304471035e-06]
0 402 5226 9.920753016396553e-11 0.26695638700039126 [-1.503468638285539e-06, -1.987084768648033e-06, 7.004186729252104e-07, -7.293375641085361e-07, -9.28878464820884e-06, 1.0085590589997487e-07, 1.7511330871996833e-06, 6.653416277272747e-07, -6.872146120454164e-07, -1.3049843262760327e-06]
0 367 4771 9.828963894646348e-11 0.22735792499952368 [-2.918726988586987e-06, 1.757016266718848e-06, -2.0935712498938185e-07, 8.364405712090308e-07, -8.423570593114358e-06, -1.8584072254485795e-06, 6.322792291497388e-08, -2.195719739728331e-06, 1.302085812541489e-06, -2.2381405126629966e-06]
0 446 5798 9.843518075784771e-11 0.2908850670000902 [-1.3805485103630957e-06, -9.266205758356729e-06, -1.0613287805054867e-06, -1.7749807215261711e-06, 8.580468669109648e-07, -9.453608280584533e-07, -1.2322843866801022e-06, 1.7583826090180682e-06, 3.8479514303046165e-07, -3.56235535012998e-08]
0 406 5278 5.3756756183848625e-11 0.31338112599951273 [-6.057144265982387e-07, -2.8412290800574043e-06, -1.011856879524328e-06, 1.4669630552560996e-07, 1.0731220417132176e-06, 1.6420875242721076e-06, -2.9036030863660754e-07, 1.7262739042203498e-06, -6.111675679490817e-06, -8.340692366865346e-08]
0 412 5356 4.7824500309268054e-11 0.254845428000408 [1.1354498340121292e-06, -2.1436399756710106e-06, 4.5155507671715287e-07, -4.2153453054268195e-06, -1.348560912099235e-06, -2.0088674901984547e-06, -3.483856584010702e-06, -7.822136347809714e-07, 2.3060108856228187e-06, 2.1460989562702263e-07]
0 362 4706 6.071964618511209e-11 0.2249846240001716 [-4.508213339922588e-06, 5.573677174432976e-07, 1.8419329678377094e-06, -3.762460001894405e-06, -9.283238295792171e-08, 3.767941437378957e-06, 1.0781417729445173e-06, 2.6478805211150394e-06, 5.699694331208591e-08, -3.914938766917382e-07]
0 472 6136 7.5919360693936e-11 0.31294256600085646 [1.3341661571869965e-06, -5.022654610701544e-06, 1.3351359338032953e-06, -1.4845309329811487e-06, 1.9986838992643e-06, 1.5015858163753615e-06, 2.6525380571626467e-06, -3.0490435560161923e-06, 3.246146486719664e-06, 3.436028653882305e-06]
0 370 4810 3.747309457827621e-11 0.2342972930000542 [5.6789731943998405e-08, 1.6132812352826243e-06, -6.838263902383849e-07, -3.453525557793778e-07, 1.8141154424253548e-06, -4.998891491805773e-06, -1.560260201893573e-06, -7.890345843307852e-07, -1.4329857547959336e-06, 9.433661055559026e-07]
0 430 5590 6.815871633270229e-11 0.2903463279999414 [4.630813852986587e-06, 5.601400165389432e-07, -6.818783180213192e-07, -1.0459096028316238e-06, 4.9105900269785595e-06, -2.7505378482354936e-06, 1.4564396410770976e-06, -2.2254900401226334e-06, 2.264553677654918e-06, -9.79826026534872e-07]
0 344 4472 8.669054693498571e-11 0.21148399799949402 [3.686854034608582e-07, 1.3292145010063008e-06, 4.832349683305426e-06, 5.0072713523966255e-06, 1.948170005163554e-06, 1.401798880461005e-06, 4.823803907889682e-06, -1.4496238551890288e-06, 8.442941366383448e-07, -2.1259596509702995e-06]
0 425 5525 9.506701108837285e-11 0.2808706929999971 [-8.833960843200571e-07, -2.776811085386179e-06, 7.135668913759498e-07, 1.0228378892023836e-06, -3.9072031394409436e-07, -4.043685551127904e-06, 7.28596368691238e-06, 3.2249942129811566e-06, 2.0730066110150855e-06, -8.563302262516269e-07]
0 344 4472 8.352312682927883e-11 0.2128866269995342 [7.846172066208333e-06, 6.976919352503167e-08, -8.12189213861049e-07, 1.8568865331982514e-06, 1.2906090300542282e-07, 1.7537846707659561e-06, -2.5883388828044747e-06, 1.2952044244353752e-06, 6.405460963771281e-07, 2.4430298232080195e-06]
0 421 5473 5.907521319784546e-11 0.2815685770001437 [-2.26280735468758e-06, 9.152156985124416e-07, -1.8320437592570023e-06, -3.417103323619378e-06, 6.604942805455225e-07, -2.3076011969315294e-07, -7.139324033837218e-07, 3.5226598565997453e-06, 1.2084796598638097e-06, -4.818252679220053e-06]

