0 547 7111 9.369805686419454e-11 0.3994375450001826 [7.75128820630549e-09, 1.0572967214309713e-06, 2.098157153638895e-06, -1.9235253078275875e-06, -6.3772546910506864e-06, -2.069393615744627e-06, 5.757899093054311e-07, 1.1089384769066106e-06, 1.040443711556552e-06, 6.023418776218568e-06]
0 503 6539 1.814973467427883e-11 0.292198924999866 [-6.709152655967404e-09, -1.3091523737685403e-06, -5.846308233739571e-07, 1.424237003678043e-07, -6.543178452053535e-07, 7.186418443850355e-07, 5.920005470739353e-08, -3.805807887837666e-06, 4.3179888279477844e-07, -7.030781618025538e-08]
0 535 6955 6.886542742455687e-11 0.32356589199935115 [2.2175459538611842e-08, -1.2680599449701013e-06, 2.482719324911197e-07, -1.3422644070749823e-06, -8.03282986971805e-07, 7.201060033391084e-06, -8.50667367499658e-08, -2.2660625853045667e-06, 1.6608842181095878e-06, 2.743849744887661e-07]
0 497 6461 9.40584314953762e-11 0.3015177150000454 [1.0959798675188146e-08, -6.536267673233662e-07, 5.218288033152411e-07, 6.381697696269074e-06, -1.807815491522858e-06, -1.484089779693701e-06, -5.089108877441885e-07, -2.214903230554838e-06, 5.728073040246395e-06, -2.8258333630111437e-06]
0 557 7241 6.205862124373938e-11 0.3312957609996374 [1.1125676388360099e-08, -1.748488939590293e-06, 3.1539496518437966e-06, 1.4189740194952993e-06, -5.404445854644095e-06, 1.4804083538080444e-06, -1.3591789712939385e-06, -3.0739506690668625e-06, -1.4345852891596516e-08, 1.7624770527165958e-06]
0 453 5889 6.245181657279377e-11 0.29135235699959594 [-1.1440719203776608e-08, 1.914925871989944e-06, 4.4036254138211436e-07, -1.3923304779421388e-07, 5.164440625186383e-07, 6.812527363181463e-06, 1.0871498936788602e-06, 1.2619157026779768e-06, 8.412292030022031e-07, -2.6652267560844136e-06]
0 512 6656 9.69421580822582e-11 0.4437861830001566 [7.766535733433087e-09, -2.2627815347397786e-06, 8.307993062503057e-08, 9.54335406085283e-07, 3.855900699794442e-06, -1.5231587413790135e-07, 7.714326335930967e-07, 1.176297718481505e-06, -1.3730940387255627e-06, 8.458474241320406e-06]
0 481 6253 2.8396391212730097e-11 0.3519535920004273 [-3.040838305270249e-08, 1.7015467059211936e-07, 2.1904738828685937e-06, -3.949948611754878e-07, -1.7235893921187544e-06, -1.0517555195662495e-06, 3.331462593227816e-07, 2.821316860560838e-06, -1.3539890209916853e-06, -4.306885624305217e-07]
0 485 6305 8.242551338291844e-11 0.34430258500015043 [2.5428311754168332e-09, -1.2493149677231292e-06, 1.45350199777397e-06, 1.766705884895308e-06, 8.850634179166175e-07, 6.965064096432964e-07, -6.475945044086004e-06, -5.68625492228612e-06, 1.5809509903269275e-07, 3.655271845226091e-08]
0 462 6006 2.987048579528586e-11 0.33160233499984315 [-5.178107115709243e-09, 7.845935037132148e-07, -1.7992278909385835e-06, 7.714290381350767e-07, -4.0446644302305797e-07, 4.907975176429351e-06, 5.99987221950913e-08, 3.3041301030240756e-07, -1.277649319637098e-07, 8.795096440231361e-07]
0 486 6318 8.743848202415364e-11 0.31234715299979143 [1.1940849309385751e-08, 8.163617816725884e-06, 1.801942526013613e-06, -8.839524777348822e-07, 2.683423493979357e-07, 2.246444752719379e-07, 3.164907383173783e-06, 7.05359189018302e-08, -2.6375450609196036e-07, 2.2640594599495752e-06]
0 569 7397 9.998164309426024e-11 0.3910866939995685 [-2.38580100760599e-09, 4.526398520447675e-07, 8.507800861975546e-07, -1.422607999220032e-06, 9.395099372210034e-06, -3.7065370124315037e-07, 1.544320011003434e-06, 2.4072226463912485e-06, 8.025602060412923e-09, 6.222648661843796e-07]
0 614 7982 8.854311148624882e-11 0.41765158899943344 [-1.7997471882246766e-09, 2.6870023323898184e-07, 2.743441478326527e-06, 1.087609764553589e-06, 1.313568455660151e-06, 3.853927597251097e-06, 1.0090470568441124e-06, 3.0123250952707905e-06, 1.503405337222929e-06, -7.127301632698227e-06]
0 546 7098 9.718429201365159e-11 0.3778593059996638 [6.4516311746867764e-09, 6.584118365592065e-07, 3.4725184467976486e-07, -2.8363895892155118e-06, -3.401698422016077e-06, -4.366556859425337e-06, -1.163137968024716e-06, -5.470545887835319e-07, 1.4367067937859383e-06, 7.335816562968515e-06]
0 419 5447 8.125439845188109e-11 0.2776943270000629 [5.467156595993859e-08, 3.3352714192532254e-06, 2.5812037365864432e-06, 2.48465867289064e-06, -3.287153722297649e-06, -2.553151885890293e-06, -1.254905554686119e-06, 2.686920340325144e-07, 2.8450814029561263e-06, 5.822238572182937e-07]
0 520 6760 7.094261232200096e-11 0.32253183600005286 [-2.7565911340383675e-08, 7.627663096477317e-07, -3.719819385298627e-07, 3.0042392198005745e-06, 1.8174002374586079e-06, -7.103661678204302e-08, 6.785227388997462e-06, -1.7783072542927698e-06, 8.389827860886606e-07, 6.201709407613876e-07]
0 10000 130000 3.4787018854848365e-10 5.437418307999906 [-1.5698487683470706e-08, -2.112723617146412e-06, 7.171944894281919e-07, 1.1612125709376382e-05, 5.238911861748293e-06, -1.0115319985345298e-05, 3.53496719173813e-06, -1.7153284612558509e-06, 5.407017025332371e-06, 5.580883182305664e-06]
0 417 5421 8.923323080873071e-11 0.24598954600060097 [-7.416853496559637e-09, 1.1034292600986645e-06, -5.9468797156928196e-06, 9.969913582112841e-08, -5.004907080395252e-06, 2.4435959860606e-06, -1.4708642904342536e-07, -3.831237458641509e-06, -2.467039093143882e-06, 5.326408287988743e-07]
0 587 7631 3.82672211996596e-11 0.3883928929999456 [8.970859881793227e-09, 6.487881513921808e-08, -1.0766056715898019e-06, -2.551651266710677e-07, 1.4966008085955234e-06, -5.74962057169607e-06, 1.5493800385775336e-07, 7.13230533235513e-08, 3.642793054974076e-07, -8.799527150374425e-07]
0 570 7410 8.902482115635872e-11 0.3435457180003141 [-2.466461841849931e-08, -1.8697352391637472e-06, 2.3363245984600982e-07, 2.0725967542444217e-06, -2.462831119675936e-06, -5.599343616554729e-06, 4.667853646552568e-06, 1.0448512020009493e-06, -3.719447688942389e-06, -9.809112964258398e-07]
0 549 7137 7.449765952071878e-11 0.3333990300006917 [3.5427093606752144e-09, -4.600053194501448e-06, -1.1820616380409704e-06, 1.0287029366848414e-06, 4.762619549966338e-06, 6.675125889387932e-07, -3.0385324847979037e-06, -3.0953397862576458e-06, -1.5807231918735981e-06, 2.5130759811950557e-06]
0 559 7267 9.927741866811997e-11 0.40923182599999564 [4.131944811018323e-10, -1.5081160160074395e-07, 1.3645686816521874e-07, 5.81624510945867e-06, -4.63570155240771e-07, -9.128284140797955e-08, -6.900456173455386e-07, -5.172240382062371e-07, 7.245661790185481e-06, 3.4553019113448814e-06]
0 430 5590 8.940743430665552e-11 0.30783486099971924 [-3.152446174067077e-08, -2.3396716526938325e-06, -9.98429646419583e-07, -1.00706473551244e-06, -1.326785090602235e-06, -2.790945511057773e-06, 1.5125647687854774e-06, -7.5590198910274636e-06, -1.5886610381337055e-06, 6.958444756855604e-07]
0 600 7800 8.599375782131206e-11 0.3645242659995347 [3.67578686237244e-09, 6.409884914223394e-06, 3.6262329133615572e-06, -1.4053913148300046e-06, 1.4472009879594336e-06, 4.413252069346627e-06, -1.4370863495163791e-06, -1.3416704325152829e-06, -1.0899857987951124e-07, -2.0491381808922484e-06]
0 507 6591 7.080369784127607e-11 0.3523414179999236 [-4.090801720013395e-09, -8.064925489967861e-07, -7.15177023758807e-06, 1.421094565736421e-06, -5.0656475441316345e-08, -2.658192548849179e-06, 6.722465016129758e-07, 1.2620937889020292e-07, -2.584051943122588e-06, 1.6139614029710188e-06]
0 523 6799 4.829712504659666e-11 0.30302732499967533 [1.4075670772105532e-09, 1.2830232559047815e-06, -2.615168822872261e-07, -3.370279992465557e-06, -2.549845544614059e-07, 1.033497181292995e-06, 9.139490072052862e-08, -1.597747654058761e-06, -5.404556227396763e-06, 1.516731175101654e-06]
0 505 6565 7.162013230079638e-11 0.31876762100000633 [1.4022351811584242e-08, -3.116675676174606e-06, -1.4403609330505597e-06, -7.724733281957308e-07, 5.094550053550066e-06, 1.356911273128057e-07, 8.31187014010976e-08, -1.5855062747176963e-06, 3.973422190332371e-06, -3.6037718807315736e-06]
0 529 6877 9.877959537834395e-11 0.31701006699950085 [-2.5997289510950496e-09, 8.563356841888285e-07, -9.173563072442829e-08, 6.6922988357953965e-06, 3.6429535367708386e-07, 7.181076514011432e-06, 9.920863927239016e-07, -7.048360430915787e-07, 4.09342333070502e-08, 1.198582836860216e-08]
0 436 5668 9.406133294114497e-11 0.2652957999998762 [2.600988793622776e-10, -1.1217570711650222e-06, 3.4397052866673978e-06, 7.854238981584947e-07, -8.127983103027066e-06, 3.6349893262693984e-07, -2.8277485542389406e-06, 1.6697468248679274e-06, 1.647990269380646e-07, 1.82927266411778e-06]
0 494 6422 9.804779207440511e-11 0.28969394199975795 [-4.36577014151129e-09, 3.782929642692423e-06, -2.141123288078838e-06, 2.9862003199649326e-06, 1.556233019915976e-06, 5.537892661868465e-06, 2.128373333677038e-06, -1.361288910161274e-07, 1.1160893626340907e-08, -5.692634678527162e-06]
0 516 6708 6.5053722284238e-11 0.30585907800013956 [2.99361477716344e-09, -6.347715964122746e-06, -3.5963890386428775e-07, -3.5172689883487048e-06, 1.0959201101833007e-06, 2.169306106486884e-06, 1.1375492807013617e-06, 3.9390927336309467e-07, 3.76083746810274e-07, -2.16160449974563e-06]
0 595 7735 7.457746468758705e-11 0.3545675260002099 [6.904664809961634e-09, 2.26501110330636e-06, -7.152494015332052e-06, 2.803954087683645e-07, 1.181940090213483e-06, -8.255805265827016e-07, -5.084713886348559e-07, 1.853067174003045e-06, -2.207182078101663e-06, -2.6628995081377062e-06]
0 598 7774 9.882492962678357e-11 0.41418826400058606 [-6.467778724915841e-09, 9.739397807411303e-07, -1.7724130328495931e-06, -9.17142252168895e-07, -1.0343590903477727e-06, 1.4308266657437076e-06, -9.002073354079914e-07, 9.036562508519784e-06, 5.665467454451182e-07, 2.750904821532311e-06]
0 482 6266 8.67350595947844e-11 0.3166410279991396 [-4.5237977360342864e-08, 8.658128288331482e-07, -4.499703066665556e-06, -7.985492327908341e-07, -3.82025536067033e-06, -1.3408527002602044e-06, 7.72869376465697e-07, 1.2160460352939972e-06, -2.492701782104333e-06, -4.466965303900271e-06]
0 547 7111 8.586136455992338e-11 0.3831055809996542 [3.106753190525086e-08, 1.0173104803732206e-07, -7.372021654214741e-07, 2.8232117262567144e-06, -1.7932873897264734e-06, 8.015852789174736e-06, -3.588244302692573e-07, -2.18871852863907e-07, 1.9631150625718046e-07, -1.161102406227428e-08]
0 488 6344 6.195912228151169e-11 0.32963113999994675 [3.2923014793275347e-09, 1.494965899952191e-06, -5.615386335377319e-06, 2.087902235938296e-06, 2.4691633448057556e-07, -3.348807898128244e-06, -3.2480289926027743e-06, -1.336644442471515e-07, 4.883695470267811e-07, 1.2815467050009887e-06]
0 655 8515 8.820173128563813e-11 0.44923743500021374 [9.889559411945077e-09, -1.0947221747636158e-07, -3.2997123567549777e-06, 7.638954196093013e-07, -5.0377976977673406e-06, -3.868526675241911e-08, -3.1657327637162074e-06, 2.0293477075052447e-07, -5.213436875547886e-06, 3.6216298423405333e-06]
0 592 7696 8.739233642812214e-11 0.4504450469994481 [-7.211121763869995e-09, 5.9117418025555904e-08, 6.42196289998089e-06, -6.098414926139852e-07, -6.087268633085807e-06, -2.561468799426829e-07, 1.2991455365927445e-06, 2.0861971044348643e-06, -1.573198983091427e-07, 1.438793586158183e-06]
0 445 5785 8.384861562227296e-11 0.3275337690001834 [2.5923276790880306e-08, -1.2808762508367694e-06, -3.959404342594516e-07, 1.4596344387148553e-06, 4.2811559661968576e-06, 3.839943892760903e-06, 2.5538605880129977e-06, 1.5666863526957976e-07, 4.382204731283735e-06, 3.791645362736577e-06]
0 500 6500 8.116666545038074e-11 0.34064812599990546 [1.0389669673041643e-08, -1.9640130508765155e-06, -1.3704676120903976e-06, -2.2539157439092473e-06, 1.6796134649377083e-07, 1.4019327996913031e-06, -1.7172811916320904e-06, 3.574982920461038e-06, 1.1551167285914463e-06, -7.08618863371756e-06]
0 528 6864 4.771034627992141e-11 0.3742314620003526 [1.7084474356490487e-08, 5.338750998562348e-07, -1.2381048218442126e-06, -1.5200739191770377e-06, 5.286834135212513e-06, 1.3110359641895391e-06, -8.986253162351954e-08, 1.1724032112776766e-06, 2.0764798877698953e-06, -2.3019989110117895e-06]
0 631 8203 8.276016631534151e-11 0.4286014419994899 [1.040750972184415e-09, 6.958918241749775e-06, -4.117510561453894e-06, 9.232928221251375e-07, -2.5875937829771275e-07, -2.990368555339627e-06, 1.997046294064063e-06, -1.1636338383190177e-06, -1.290578698973419e-06, -7.066379793568551e-07]
0 555 7215 8.753649013940437e-11 0.37300779999986844 [2.0774588046779123e-09, 2.2779092190863867e-06, 1.3796020963718581e-06, 3.4349438071832726e-07, 6.818612499716505e-07, -2.0599217136258467e-06, -8.182478213829564e-06, 3.107705356381558e-07, 2.6596686922919677e-06, -1.204820822944675e-06]
0 510 6630 7.963761697259205e-11 0.35457474299983005 [8.277211869521234e-10, -9.748262270630344e-07, -4.3812434629319653e-07, 2.270973534987749e-06, 2.0004961594570847e-06, 5.581814875319836e-08, -1.979865599920786e-06, 5.821231583607138e-06, -3.9064046009381666e-07, -5.600616070936228e-06]
0 572 7436 9.638387467975495e-11 0.41240193599969643 [-9.072512426254198e-09, -1.1906462670449017e-06, 3.6573420803920313e-06, -1.1961467836639716e-06, -2.3880120234619484e-06, -3.995538761532248e-06, 2.5286634684721505e-07, -7.586856936147246e-06, -4.580507406735864e-08, -2.0698798360390486e-07]
0 605 7865 7.962946974458249e-11 0.37362839300021733 [-1.690509359474214e-09, 7.157415077017732e-08, -1.5056750394601188e-08, -3.1814385078456787e-06, -2.60664422379644e-07, 2.2711388837124503e-06, -1.974652193386338e-08, -1.045361756788139e-06, 5.377734539063671e-07, 7.928783122019944e-06]
0 562 7306 8.432032682458935e-11 0.3322103729997252 [3.352805130813841e-10, 1.478529662193377e-06, 4.569995536725325e-08, -1.2950390907825815e-07, 5.215154710445459e-07, -3.721847701586297e-07, 3.065593718684143e-06, -7.105478454525651e-06, 4.2737278620013035e-06, 1.8850343074079734e-06]
0 479 6227 9.821690521015228e-11 0.28371709200018813 [-7.2924513038739035e-09, 3.156328716877788e-06, -2.7768009627394053e-07, 6.390733582745207e-07, -2.2834388357276673e-06, -2.6813201959380646e-06, -6.535880477187308e-06, -5.615931719320036e-07, 8.05593414922193e-07, 5.581353117765323e-06]
0 528 6864 6.83618222717999e-11 0.3474791889993867 [-1.2330864176463272e-08, 4.584065205168251e-06, 1.599307431528912e-06, -2.7046022826831002e-06, 3.080137953427914e-06, -2.5862504497216634e-07, -1.3263534681857138e-07, 2.449377144245517e-06, 4.514526219642613e-06, 5.370606381960738e-08]
0 574 7462 9.596376786074111e-11 0.37830156200016063 [-2.3347337074170574e-08, -5.556826072685254e-07, 2.433724249743916e-06, 4.044756975692402e-06, -2.2007146127612798e-06, 1.4238914064629221e-06, 2.4081987817117844e-06, 5.694480124891342e-06, -3.924762135712572e-06, -2.723974278293262e-06]

