0 0 0 10000 130000 2.859301015529199 14.103678057000252 [[0.915603855043749]] [[0.263]] [[16]]
0 0 0 344 4472 2.658561832959427 0.6003644120000899 [[1.2230422368832505]] [[0.283]] [[9]]
0 0 0 5082 66066 2.6585621257110414 7.431086142999902 [[1.2230423715604226]] [[0.283]] [[9]]
0 0 0 10000 130000 2.938118187334225 15.863244054999996 [[2.1737195711742943]] [[0.331]] [[3]]
0 0 0 63 819 2.6585614735418748 0.09187975099985124 [[1.2230420715371444]] [[0.283]] [[9]]
0 0 0 26 338 2.658561704700738 0.03634433799970793 [[1.2230421778792462]] [[0.283]] [[9]]
0 0 0 10000 130000 2.938118187334225 12.882750036999823 [[2.1737195711742943]] [[0.331]] [[3]]
0 0 0 10000 130000 2.6994937087460986 14.327027997000187 [[1.6583178468294408]] [[0.307]] [[5]]
0 0 0 82 1066 2.6585625550633383 0.108384240000305 [[1.2230425690792417]] [[0.283]] [[9]]
0 0 0 64 832 2.658562638483106 0.10050162800007456 [[1.2230426074555913]] [[0.283]] [[9]]
0 0 0 10000 130000 2.6994937087460986 14.087390056999993 [[1.6583178468294408]] [[0.307]] [[5]]
0 0 0 39 507 2.658561994205732 0.05592072899980849 [[1.223042311062846]] [[0.283]] [[9]]
0 0 0 50 650 2.6585610285494914 0.06736689399986062 [[1.2230418668229492]] [[0.283]] [[9]]
0 0 0 48 624 2.6585619832913596 0.06599720699978207 [[1.2230423060418087]] [[0.283]] [[9]]
0 0 0 3765 48945 2.658559218886715 5.398057847999553 [[1.2230410343077462]] [[0.283]] [[9]]
0 0 0 10000 130000 2.859301015529199 13.020026287999826 [[0.915603855043749]] [[0.263]] [[16]]
0 0 0 46 598 2.6585602599076323 0.06214197899998908 [[1.223041513218011]] [[0.283]] [[9]]
0 0 0 10000 130000 2.6994937087460986 14.00236050400008 [[1.6583178468294406]] [[0.307]] [[5]]
0 0 0 149 1937 2.6585593267277576 0.22169949399994948 [[1.2230410839188361]] [[0.283]] [[9]]
0 0 0 124 1612 2.658560999436286 0.17989968399979261 [[1.223041853430064]] [[0.283]] [[9]]
0 0 0 10000 130000 2.6994937087460986 13.706751625999914 [[1.6583178468294408]] [[0.307]] [[5]]
0 0 0 7562 98306 2.658561832469711 10.780174216999967 [[1.223042236657962]] [[0.283]] [[9]]
0 0 0 1440 18720 2.6585604770014624 1.8441798019998714 [[1.2230416130893227]] [[0.283]] [[9]]
0 0 0 2487 32331 2.6585621025125525 3.4185087179998845 [[1.2230423608882122]] [[0.283]] [[9]]
0 0 0 3447 44811 2.6585609874328453 5.555102729000282 [[1.2230418479080125]] [[0.283]] [[9]]
0 0 0 4069 52897 2.658560623266963 5.204691679000007 [[1.2230416803774893]] [[0.283]] [[9]]
0 0 0 1856 24128 2.6585622461193728 2.404671030999907 [[1.223042426952956]] [[0.283]] [[9]]
0 0 0 39 507 2.658561779647429 0.052955752999878314 [[1.22304221235765]] [[0.283]] [[9]]
0 0 0 3665 47645 2.6585600361660346 5.547977958000047 [[1.223041410288141]] [[0.283]] [[9]]
0 0 0 387 5031 2.6585598871622316 1.1913258549998318 [[1.2230413417405743]] [[0.283]] [[9]]
0 0 0 10000 130000 2.6994947132908855 17.464182056000027 [[1.6583184639283224]] [[0.307]] [[5]]
0 0 0 73 949 2.6585622258204764 0.18955373100016004 [[1.2230424176146713]] [[0.283]] [[9]]
0 0 0 36 468 2.658560276430655 0.12284368100017673 [[1.2230415208192464]] [[0.283]] [[9]]
0 0 0 10000 130000 2.6994937087460986 14.569699630999821 [[1.6583178468294406]] [[0.307]] [[5]]
0 0 0 10000 130000 2.6994937087460986 16.272746465000182 [[1.6583178468294408]] [[0.307]] [[5]]
0 0 0 10000 130000 2.6994937087460986 15.820076781999887 [[1.6583178468294408]] [[0.307]] [[5]]
0 0 0 5236 68068 2.6585614418252654 7.194770010000411 [[1.2230420569462659]] [[0.283]] [[9]]
0 0 0 6442 83746 2.6585620599471724 9.049270228000296 [[1.2230423413064755]] [[0.283]] [[9]]
0 0 0 46 598 2.6585599521002847 0.06276533400023254 [[1.2230413716146138]] [[0.283]] [[9]]
0 0 0 175 2275 2.6585603968276925 0.2586961610004437 [[1.2230415762065843]] [[0.283]] [[9]]
0 0 0 45 585 2.6585618957264296 0.06383879800023351 [[1.2230422657585223]] [[0.283]] [[9]]
0 0 0 10000 130000 2.6994937087460986 14.086285639999915 [[1.6583178468294406]] [[0.307]] [[5]]
0 0 0 77 1001 2.658560836867384 0.11511225599997488 [[1.223041778642022]] [[0.283]] [[9]]
0 0 0 101 1313 2.658561651448431 0.1510018690000834 [[1.223042153381106]] [[0.283]] [[9]]
0 0 0 10000 130000 2.6994937087460986 14.208368457000233 [[1.6583178468294406]] [[0.307]] [[5]]
0 0 0 10000 130000 2.6994937087460986 14.013608828000088 [[1.6583178468294408]] [[0.307]] [[5]]
0 0 0 10000 130000 2.6994937087460986 14.113829422000435 [[1.6583178468294406]] [[0.307]] [[5]]
0 0 0 31 403 2.6585619626357024 0.047222054000030766 [[1.2230422965393999]] [[0.283]] [[9]]
0 0 0 10000 130000 2.6994937087460986 13.545001564999893 [[1.6583178468294408]] [[0.307]] [[5]]
0 0 0 85 1105 2.658561509240281 0.17528444099980334 [[1.223042087959805]] [[0.283]] [[9]]

