16 1635183 13473 344 1653128 2.6585616728411052 1.5271252939996884 [[1.2230421632225714]] [[0.283]] [[9]]
18 1234725 11328 246 1249251 2.65856196042987 1.1780365399999937 [[1.223042295524631]] [[0.283]] [[9]]
12 892962 10835 239 906904 2.658561791420203 1.1286162400001558 [[1.2230422177735856]] [[0.283]] [[9]]
16 1319236 10918 260 1333534 2.6585592576968717 1.193485299999793 [[1.2230410521619335]] [[0.283]] [[9]]
15 1460030 14484 348 1479038 2.658559704711886 1.5617829629995867 [[1.2230412578062924]] [[0.283]] [[9]]
3 475098 6468 131 483269 2.658560219544673 0.6739654870002596 [[1.223041494649474]] [[0.283]] [[9]]
84 7227675 61045 1576 7309208 2.6585617220779043 6.613259285999902 [[1.2230421858734213]] [[0.283]] [[9]]
9 736097 5362 128 743123 2.6585603497357204 0.5964293170000019 [[1.2230415545424385]] [[0.283]] [[9]]
7 741067 6882 162 750055 2.6585615217641125 0.7357349220001197 [[1.2230420937212565]] [[0.283]] [[9]]
0 153653 1646 20 155559 2.6585606233778365 0.14496032000033665 [[1.2230416804284954]] [[0.283]] [[9]]
1 235743 1282 22 237311 2.658561848282517 0.14566261000027225 [[1.2230422439324702]] [[0.283]] [[9]]
5 694068 5205 142 701119 2.6585606855915946 0.5998515879996376 [[1.223041709049253]] [[0.283]] [[9]]
11 1280761 10316 263 1294496 2.658561345093872 1.1472815220004122 [[1.2230420124460484]] [[0.283]] [[9]]
2 234351 1459 28 236174 2.6585624457159214 0.14590676900024846 [[1.2230425187751608]] [[0.283]] [[9]]
4 525898 2611 86 529627 2.6585620777242522 0.3377483209997081 [[1.223042349484626]] [[0.283]] [[9]]
4 559663 4239 109 565319 2.658561776601287 0.4855096789997333 [[1.223042210956306]] [[0.283]] [[9]]
14 1465917 10292 257 1479550 2.6585624403825086 1.1341771890001837 [[1.2230425163215826]] [[0.283]] [[9]]
1 243697 3355 58 247806 2.6585618088969447 0.3405263039999227 [[1.2230422258135691]] [[0.283]] [[9]]
1 207848 1734 33 210011 2.658559958176893 0.17454762600027607 [[1.223041374410091]] [[0.283]] [[9]]
9 1057643 10861 222 1071390 2.6585617560136687 1.1147920889998204 [[1.2230422014851976]] [[0.283]] [[9]]
4 580775 3196 82 585037 2.658561335221623 0.375372046999928 [[1.2230420079044284]] [[0.283]] [[9]]
1 235111 1695 30 237196 2.658559825231498 0.16352233700035868 [[1.223041313250019]] [[0.283]] [[9]]
6 655589 5567 108 662560 2.658559825767241 0.574259186999825 [[1.2230413134964817]] [[0.283]] [[9]]
44 3917184 33374 888 3962102 2.6585602771821883 3.6652614230001745 [[1.2230415211649812]] [[0.283]] [[9]]
37 3583733 24749 694 3617504 2.6585626322492524 3.1318697610004165 [[1.2230426045877756]] [[0.283]] [[9]]
22 2324490 17933 490 2348793 2.6585618737466405 2.21396884700016 [[1.2230422556469613]] [[0.283]] [[9]]
1 211687 1695 49 214019 2.658560176806894 0.20045346300003075 [[1.223041474988427]] [[0.283]] [[9]]
10 1135264 8666 212 1146686 2.6585624710588243 1.0505098839998936 [[1.2230425304338854]] [[0.283]] [[9]]
4 401393 5130 116 408031 2.6585605424339827 0.5486589740003183 [[1.2230416431911624]] [[0.283]] [[9]]
17 1525004 11014 259 1539385 2.658562414290337 1.1997138169999744 [[1.2230425043181652]] [[0.283]] [[9]]
5 583176 4924 102 589426 2.6585622152105883 0.5708588449997478 [[1.2230424127337083]] [[0.283]] [[9]]
14 1691640 15316 329 1711233 2.6585595468959737 1.7081171230001928 [[1.223041185204811]] [[0.283]] [[9]]
7 727280 6204 149 735421 2.658562494227978 0.6949246610001865 [[1.223042541092601]] [[0.283]] [[9]]
1 348526 2944 61 352263 2.65856067211639 0.32472826799994436 [[1.2230417028501328]] [[0.283]] [[9]]
12 1281031 10645 282 1295342 2.658561740020887 1.3077256409997062 [[1.2230421941278937]] [[0.283]] [[9]]
0 144902 1233 25 146460 2.6585610343134123 0.13420426800030327 [[1.2230418694749037]] [[0.283]] [[9]]
14 1676217 12543 325 1692985 2.658560269228331 1.5264029929999197 [[1.2230415175058964]] [[0.283]] [[9]]
18 1728449 11953 320 1744562 2.6585621537804816 1.6184026189998804 [[1.223042384473461]] [[0.283]] [[9]]
47 4369518 36681 881 4417652 2.6585612077192673 4.492599372999848 [[1.223041949248367]] [[0.283]] [[9]]
24 2408545 20324 473 2435018 2.6585616229702156 3.8493190630001664 [[1.2230421402800151]] [[0.283]] [[9]]
2 230296 2186 37 232963 2.658560672270389 0.35268587300015497 [[1.2230417029209784]] [[0.283]] [[9]]
22 1899788 16322 425 1921635 2.6585603410976373 2.6123053289998097 [[1.2230415505685832]] [[0.283]] [[9]]
29 2515459 21725 491 2543567 2.6585600946701993 3.6265972879996298 [[1.2230414372023406]] [[0.283]] [[9]]
19 1958598 20062 439 1984367 2.6585613734389266 2.3375298280002426 [[1.22304202548588]] [[0.283]] [[9]]
39 3451769 31829 758 3493452 2.658562629604488 3.732972955999685 [[1.2230426033710808]] [[0.283]] [[9]]
3 339626 4661 106 345665 2.6585600110025567 0.5111677749996488 [[1.2230413987119586]] [[0.283]] [[9]]
6 788218 5324 196 796090 2.6585600030335956 0.6984414029998334 [[1.2230413950459254]] [[0.283]] [[9]]
8 844592 7842 172 854670 2.6585624168986954 0.8287733669999398 [[1.2230425055181118]] [[0.283]] [[9]]
7 780988 9176 221 793037 2.6585623150883126 0.993133055999806 [[1.2230424586813609]] [[0.283]] [[9]]
1 217709 2263 37 220453 2.6585619744799973 0.22244175700006963 [[1.223042301988238]] [[0.283]] [[9]]

