0 75174 0 337 79555 2.6585612544574553 0.5032380550001108 [[1.223041970749758]] [[0.283]] [[9]]
0 89892 0 8471 200015 2.658560559892139 10.58581216499988 [[1.22304165122227]] [[0.283]] [[9]]
0 74975 0 46 75573 2.6585594814843967 0.06332008499975927 [[1.223041155112932]] [[0.283]] [[9]]
0 78405 0 151 80368 2.658560342364185 0.21397539399958987 [[1.2230415511512445]] [[0.283]] [[9]]
0 79240 0 5833 155069 2.658562612260921 7.384092996000163 [[1.2230425953923627]] [[0.283]] [[9]]
0 74434 0 47 75045 2.6585625197151743 0.06512369600022794 [[1.2230425528177062]] [[0.283]] [[9]]
0 46910 0 4757 108751 2.6585618942650187 6.006261870999879 [[1.2230422650862163]] [[0.283]] [[9]]
0 45635 0 37 46116 2.6585607203990347 0.0520980139999665 [[1.2230417250617085]] [[0.283]] [[9]]
0 65308 0 10000 195308 2.6994937087460986 12.579662423000173 [[1.6583178468294408]] [[0.307]] [[5]]
0 125934 0 242 129080 2.658560671073572 0.3387599389998286 [[1.2230417023703957]] [[0.283]] [[9]]
0 109017 0 10000 239017 2.938118187334225 12.557192744000076 [[2.1737195711742943]] [[0.331]] [[3]]
0 67424 0 10000 197424 2.6994937087460986 12.622993995000343 [[1.6583178468294406]] [[0.307]] [[5]]
0 102042 0 10000 232042 2.6994937087460986 12.694644026999867 [[1.6583178468294408]] [[0.307]] [[5]]
0 148360 0 10000 278360 2.6994937087460986 12.574628804999975 [[1.6583178468294406]] [[0.307]] [[5]]
0 40643 0 156 42671 2.6585599553785606 0.20846908200019243 [[1.2230413731227487]] [[0.283]] [[9]]
0 80526 0 10000 210526 2.6994937087460986 12.630370962000143 [[1.6583178468294406]] [[0.307]] [[5]]
0 31569 0 87 32700 2.6585610180731774 0.11822430400025041 [[1.2230418620037615]] [[0.283]] [[9]]
0 251075 0 10000 381075 2.6994937087460986 12.564934985000036 [[1.6583178468294406]] [[0.307]] [[5]]
0 27413 0 10000 157413 2.6994937087460986 12.630299235000166 [[1.6583178468294408]] [[0.307]] [[5]]
0 128936 0 10000 258936 2.938118187334225 12.623685394999939 [[2.1737195711742943]] [[0.331]] [[3]]
0 94293 0 6578 179807 2.6585607073487405 8.354776173000118 [[1.2230417190583895]] [[0.283]] [[9]]
0 156763 0 10000 286763 2.6994937087460986 12.633651491999899 [[1.6583178468294408]] [[0.307]] [[5]]
0 47937 0 663 56556 2.6585613240032764 0.8789057600001797 [[1.223042002743551]] [[0.283]] [[9]]
0 99510 0 44 100082 2.6585594909745223 0.06382640799984074 [[1.2230411594787605]] [[0.283]] [[9]]
0 103884 0 9557 228125 2.6585606018775163 12.185720908999883 [[1.2230416705375087]] [[0.283]] [[9]]
0 145053 0 143 146912 2.658561546496192 0.19059005500002968 [[1.2230421050989786]] [[0.283]] [[9]]
0 81756 0 10000 211756 2.6994937087460986 12.547049998000148 [[1.6583178468294408]] [[0.307]] [[5]]
0 77520 0 166 79678 2.658562208351177 0.216837150000174 [[1.2230424095781114]] [[0.283]] [[9]]
0 86900 0 790 97170 2.6585619361695683 1.0517964880000363 [[1.223042284363945]] [[0.283]] [[9]]
0 83059 0 71 83982 2.6585617427943706 0.09549931600031414 [[1.2230421954038044]] [[0.283]] [[9]]
0 85625 0 65 86470 2.6585614622169453 0.08752087700031552 [[1.2230420663272348]] [[0.283]] [[9]]
0 65356 0 36 65824 2.6585605447116714 0.06486311299977388 [[1.2230416442389882]] [[0.283]] [[9]]
0 105816 0 70 106726 2.6585623682055575 0.11038552799982426 [[1.2230424831173672]] [[0.283]] [[9]]
0 124770 0 10000 254770 2.6994937087460986 12.532254034999823 [[1.6583178468294408]] [[0.307]] [[5]]
0 123702 0 10000 253702 2.6994937087460986 12.634321858000021 [[1.6583178468294408]] [[0.307]] [[5]]
0 127415 0 10000 257415 2.6994937087460986 12.520171782000034 [[1.6583178468294408]] [[0.307]] [[5]]
0 144662 0 45 145247 2.6585620909174317 0.06563474899985522 [[1.2230423555540038]] [[0.283]] [[9]]
0 132042 0 141 133875 2.6585592192063356 0.20683849799979726 [[1.2230410344547842]] [[0.283]] [[9]]
0 193444 0 10000 323444 2.6994937087460986 12.711501592999866 [[1.6583178468294406]] [[0.307]] [[5]]
0 80483 0 10000 210483 2.6994937087460986 12.583611348999966 [[1.6583178468294408]] [[0.307]] [[5]]
0 88841 0 10000 218841 2.859301015529199 12.664386052999816 [[0.915603855043749]] [[0.263]] [[16]]
0 83596 0 85 84701 2.658559234310451 0.11791565499970602 [[1.2230410414032669]] [[0.283]] [[9]]
0 126606 0 64 127438 2.65855933062298 0.09147304199996142 [[1.2230410857107903]] [[0.283]] [[9]]
0 66589 0 10000 196589 2.6994937087460986 12.745857741000236 [[1.6583178468294408]] [[0.307]] [[5]]
0 124820 0 144 126692 2.6585615300326713 0.19556899399958638 [[1.2230420975251164]] [[0.283]] [[9]]
0 54136 0 8910 169966 2.6585595756433182 11.162428085000101 [[1.2230411984297118]] [[0.283]] [[9]]
0 202269 0 1028 215633 2.658560181442408 1.3525234550002097 [[1.2230414771209444]] [[0.283]] [[9]]
0 52287 0 10000 182287 2.6994937087460986 12.884303490000093 [[1.6583178468294408]] [[0.307]] [[5]]
0 52183 0 10000 182183 2.938118187334225 13.072182637999958 [[2.1737195711742943]] [[0.331]] [[3]]
0 128592 0 10000 258592 2.6994937087460986 12.685473436000393 [[1.6583178468294408]] [[0.307]] [[5]]

