116 0 0 1744 22672 2.658560712485178 2.8190695429998414 [[1.2230417214213511]] [[0.283]] [[9]]
220 0 0 3937 51181 2.6585608052779777 5.481990019000023 [[1.223041764109662]] [[0.283]] [[9]]
37 0 0 618 8034 2.6585607806581777 0.885328071999993 [[1.2230417527835926]] [[0.283]] [[9]]
84 0 0 1357 17641 2.6585620790082523 1.9603691980000804 [[1.2230423500753163]] [[0.283]] [[9]]
24 0 0 344 4472 2.658561450857179 0.5753368270002284 [[1.2230420611012986]] [[0.283]] [[9]]
204 0 0 3243 42159 2.6585615878166657 4.769128599999931 [[1.2230421241080098]] [[0.283]] [[9]]
18 0 0 301 3913 2.658560140744467 0.453638600999966 [[1.2230414583983027]] [[0.283]] [[9]]
295 0 0 4473 58149 2.658560284789425 6.920627082999999 [[1.223041524664607]] [[0.283]] [[9]]
71 0 0 1286 16718 2.658560391917169 1.8409093899999789 [[1.2230415739475518]] [[0.283]] [[9]]
138 0 0 2143 27859 2.658560220471891 3.373651392999818 [[1.2230414950760304]] [[0.283]] [[9]]
12 0 0 190 2470 2.6585622882772033 0.3276148029999604 [[1.2230424463472038]] [[0.283]] [[9]]
21 0 0 317 4121 2.658562427003551 0.44801346700023714 [[1.22304251016674]] [[0.283]] [[9]]
99 0 0 1518 19734 2.6585608597725963 2.237876568000047 [[1.223041789179314]] [[0.283]] [[9]]
71 0 0 945 12285 2.6585594995969433 1.2669697629999064 [[1.2230411634454106]] [[0.283]] [[9]]
61 0 0 1072 13936 2.6585611641387734 1.425071871 [[1.2230419291996382]] [[0.283]] [[9]]
331 0 0 5097 66261 2.658560641631839 7.853392970999721 [[1.2230416888260491]] [[0.283]] [[9]]
265 0 0 4321 56173 2.65855940984576 5.878688396999678 [[1.2230411221563622]] [[0.283]] [[9]]
187 0 0 3326 43238 2.6585624532462773 4.483089973999995 [[1.2230425222394186]] [[0.283]] [[9]]
313 0 0 5178 67314 2.658561743326612 8.505644877000123 [[1.2230421956486561]] [[0.283]] [[9]]
3 0 0 113 1469 2.6585603503966913 0.14833906300009403 [[1.223041554846185]] [[0.283]] [[9]]
85 0 0 1308 17004 2.658562634942983 1.822558392999781 [[1.2230426058269968]] [[0.283]] [[9]]
304 0 0 4795 62335 2.658559887840309 7.412311037000109 [[1.2230413420525164]] [[0.283]] [[9]]
86 0 0 1359 17667 2.6585607111479264 2.5139621819998865 [[1.2230417208061632]] [[0.283]] [[9]]
143 0 0 2368 30784 2.6585601844601916 3.371455945999969 [[1.2230414785092427]] [[0.283]] [[9]]
136 0 0 2239 29107 2.6585622795230095 3.0652015639998353 [[1.2230424423199329]] [[0.283]] [[9]]
56 0 0 937 12181 2.6585602962511903 1.3447902689999864 [[1.2230415299374666]] [[0.283]] [[9]]
193 0 0 3141 40833 2.658559468850527 5.498741152000093 [[1.2230411493008588]] [[0.283]] [[9]]
41 0 0 796 10348 2.658562604270563 1.57025387900012 [[1.223042591716486]] [[0.283]] [[9]]
64 0 0 1138 14794 2.658561608336798 1.7571643080000285 [[1.2230421335480717]] [[0.283]] [[9]]
265 0 0 4122 53586 2.6585615349942606 6.482079278000128 [[1.223042099807641]] [[0.283]] [[9]]
16 0 0 237 3081 2.6585603086338687 0.42245938399992156 [[1.223041535633982]] [[0.283]] [[9]]
115 0 0 1819 23647 2.6585601501427254 2.575983150999946 [[1.2230414627218686]] [[0.283]] [[9]]
7 0 0 167 2171 2.6585613235124703 0.23694957899988367 [[1.223042002517761]] [[0.283]] [[9]]
619 0 0 10000 130000 3.9133283735366553 14.835206587000357 [[0.9901561082992136]] [[0.283]] [[18]]
76 0 0 1289 16757 2.6585613157819723 1.725439040999845 [[1.2230419989614303]] [[0.283]] [[9]]
51 0 0 975 12675 2.6585617234639667 1.4089759130001767 [[1.2230421865110641]] [[0.283]] [[9]]
423 0 0 6547 85111 2.6585626447634745 9.840291460000117 [[1.2230426103448064]] [[0.283]] [[9]]
31 0 0 607 7891 2.658559956255331 0.8786961250002605 [[1.2230413735260974]] [[0.283]] [[9]]
84 0 0 1548 20124 2.6585599205690404 2.0797990900000514 [[1.2230413571090106]] [[0.283]] [[9]]
88 0 0 1363 17719 2.6585605674437125 1.8634574239999893 [[1.2230416546966145]] [[0.283]] [[9]]
128 0 0 2031 26403 2.6585597963431082 2.7418266690001474 [[1.2230412999602318]] [[0.283]] [[9]]
50 0 0 886 11518 2.658560124099901 1.217417198000021 [[1.2230414507411524]] [[0.283]] [[9]]
177 0 0 3029 39377 2.658560579202989 4.784163829000136 [[1.223041660106341]] [[0.283]] [[9]]
58 0 0 1014 13182 2.6585619949544133 1.3671571780000704 [[1.2230423114072688]] [[0.283]] [[9]]
6 0 0 161 2093 2.6585599193949667 0.21343854299993836 [[1.2230413565688907]] [[0.283]] [[9]]
77 0 0 1338 17394 2.658562519275572 1.8026813609999408 [[1.223042552615472]] [[0.283]] [[9]]
111 0 0 1962 25506 2.6585621341574437 2.6112763539999833 [[1.2230423754460973]] [[0.283]] [[9]]
107 0 0 1775 23075 2.6585617997551485 2.416314164999676 [[1.2230422216079861]] [[0.283]] [[9]]
102 0 0 1668 21684 2.658561581661536 3.5208084609998878 [[1.2230421212764098]] [[0.283]] [[9]]
19 0 0 397 5161 2.658560263380634 0.591483018999952 [[1.2230415148157272]] [[0.283]] [[9]]

