31 2353782 0 508 2360386 2.6585593947961303 0.9477185499999905 [[1.223041115232945]] [[0.283]] [[9]]
88 5888840 0 1050 5902490 2.658559467065716 1.7400489200003904 [[1.223041148479776]] [[0.283]] [[9]]
667 46631822 0 8489 46742179 2.6585603846080854 13.901824514000054 [[1.223041570585088]] [[0.283]] [[9]]
37 2618027 0 511 2624670 2.6585603360100785 0.8276108699997167 [[1.2230415482281074]] [[0.283]] [[9]]
407 29222768 0 4800 29285168 2.6585618139418625 8.135185991000071 [[1.2230422281344284]] [[0.283]] [[9]]
63 4563468 0 762 4573374 2.658560934406775 1.2779884329997913 [[1.2230418235139502]] [[0.283]] [[9]]
792 56983374 0 9917 57112295 2.6585615705027776 16.41663831300002 [[1.223042116142945]] [[0.283]] [[9]]
367 27239445 0 4656 27299973 2.6585599141353855 8.22156583800006 [[1.223041354149278]] [[0.283]] [[9]]
121 8547023 0 1690 8568993 2.6585612721024745 3.0232096970003113 [[1.2230419788671558]] [[0.283]] [[9]]
554 39414251 0 6877 39503652 2.658560441723195 12.095473249999941 [[1.2230415968599424]] [[0.283]] [[9]]
14 824780 0 190 827250 2.658559985334712 0.31868077999979505 [[1.223041386903748]] [[0.283]] [[9]]
250 17584022 0 3226 17625960 2.658560030779306 5.349963097999989 [[1.2230414078100353]] [[0.283]] [[9]]
48 3315754 0 665 3324399 2.658562630435115 1.0461591239995869 [[1.2230426037532016]] [[0.283]] [[9]]
9 639223 0 168 641407 2.6585615101121265 0.26496292499996343 [[1.2230420883608881]] [[0.283]] [[9]]
31 2108863 0 326 2113101 2.658560416514734 0.5750688110001647 [[1.223041585263066]] [[0.283]] [[9]]
28 2182717 0 348 2187241 2.6585611204196944 0.5810499320000417 [[1.223041909087155]] [[0.283]] [[9]]
286 20403048 0 3925 20454073 2.6585593653848183 6.286067788999844 [[1.2230411017025933]] [[0.283]] [[9]]
143 9874180 0 1771 9897203 2.6585609117570037 2.8180240189999495 [[1.223041813094171]] [[0.283]] [[9]]
183 12812990 0 2517 12845711 2.658561093876287 3.8585942099998647 [[1.2230418968761514]] [[0.283]] [[9]]
15 1052494 0 200 1055094 2.6585615391630286 0.33399078999991616 [[1.2230421017254371]] [[0.283]] [[9]]
107 6932895 0 1348 6950419 2.6585623821508513 2.113319219999994 [[1.223042489532747]] [[0.283]] [[9]]
139 9899867 0 1726 9922305 2.658561993510823 2.8817102070001965 [[1.223042310743161]] [[0.283]] [[9]]
816 57145142 0 10000 57275142 3.0769048890471975 16.02298253700019 [[0.901431697185612]] [[0.263]] [[18]]
293 21045053 0 3606 21091931 2.658561502499797 5.787867676999667 [[1.2230420848589192]] [[0.283]] [[9]]
76 5640311 0 1126 5654949 2.658560964044954 2.214739668999755 [[1.2230418371486695]] [[0.283]] [[9]]
403 28537157 0 4774 28599219 2.6585618112567593 9.057926615999804 [[1.2230422268991763]] [[0.283]] [[9]]
57 4189685 0 872 4201021 2.6585601728404256 1.4862219610004104 [[1.2230414731636967]] [[0.283]] [[9]]
33 2604786 0 466 2610844 2.65855922726665 0.8406916300000375 [[1.2230410381628434]] [[0.283]] [[9]]
45 3346751 0 475 3352926 2.6585593724098873 0.9102137330000915 [[1.2230411049343992]] [[0.283]] [[9]]
53 3910668 0 631 3918871 2.6585600840781156 1.2376300089999859 [[1.2230414323295686]] [[0.283]] [[9]]
3 270864 0 52 271540 2.6585609522538887 0.17726252100010242 [[1.223041831724319]] [[0.283]] [[9]]
68 4903816 0 896 4915464 2.6585623547903583 2.7385299840002517 [[1.2230424769458519]] [[0.283]] [[9]]
306 21692153 0 3666 21739811 2.6585619883910114 8.14950135800018 [[1.2230423083878477]] [[0.283]] [[9]]
56 4323155 0 769 4333152 2.6585621478460517 1.3542799970000488 [[1.2230423817433915]] [[0.283]] [[9]]
12 886323 0 159 888390 2.6585624413547957 0.2915645600000971 [[1.2230425167688728]] [[0.283]] [[9]]
334 23408948 0 4318 23465082 2.6585625730963987 7.746084834000158 [[1.2230425773751534]] [[0.283]] [[9]]
335 23006027 0 4501 23064540 2.6585616499663076 6.952276107000216 [[1.2230421526992714]] [[0.283]] [[9]]
7 632416 0 173 634665 2.658562045933674 0.27090841800009 [[1.223042334859393]] [[0.283]] [[9]]
112 7677911 0 1533 7697840 2.658561930676113 2.573820264999995 [[1.223042281836741]] [[0.283]] [[9]]
67 4845810 0 846 4856808 2.6585617509852586 1.407663835999756 [[1.2230421991719327]] [[0.283]] [[9]]
44 2937976 0 602 2945802 2.65856164058921 1.0621104689998901 [[1.2230421483851146]] [[0.283]] [[9]]
63 4550411 0 988 4563255 2.658561344247463 1.5665879489997678 [[1.2230420120566672]] [[0.283]] [[9]]
207 15001660 0 2523 15034459 2.658561821254618 4.118085683000118 [[1.2230422314985814]] [[0.283]] [[9]]
263 19241016 0 3291 19283799 2.6585615991292983 5.6947034270001495 [[1.2230421293122624]] [[0.283]] [[9]]
242 16572662 0 3091 16612845 2.6585615543250483 4.983600954999929 [[1.223042108700558]] [[0.283]] [[9]]
80 6392490 0 1150 6407440 2.658560022893249 1.9871483839997381 [[1.2230414041821414]] [[0.283]] [[9]]
155 11134148 0 1896 11158796 2.6585606323545674 3.2450771069998154 [[1.223041684558142]] [[0.283]] [[9]]
193 13780484 0 2420 13811944 2.658562340977599 3.921576148999975 [[1.2230424705914433]] [[0.283]] [[9]]
137 9602332 0 1768 9625316 2.6585597918014385 3.1450940489999084 [[1.2230412978708864]] [[0.283]] [[9]]
73 5223299 0 996 5236247 2.658561632744489 1.7833352580000792 [[1.2230421447765625]] [[0.283]] [[9]]

