0 303476 51962 10000 485438 2.909619184984757 16.890081554999824 [[0.8972868428923807]] [[0.263]] [[17]]
0 124439 26994 10000 281433 2.909619184984757 16.915039376999857 [[0.8972868428923808]] [[0.263]] [[17]]
0 141232 53497 10000 324729 2.909619184984757 17.86932657500006 [[0.8972868428923807]] [[0.263]] [[17]]
0 122095 21176 10000 273271 2.6994937087460986 13.801710837999963 [[1.6583178468294408]] [[0.307]] [[5]]
0 169538 9284 2084 205914 2.6585623400779124 3.2515641640000013 [[1.2230424701775524]] [[0.283]] [[9]]
0 175209 19223 10000 324432 2.9032238167631403 14.793241237000075 [[1.5605368412029144]] [[0.307]] [[6]]
0 144218 40930 10000 315148 2.6994937087460986 16.47830727099995 [[1.6583178468294406]] [[0.307]] [[5]]
0 159428 18375 10000 307803 2.9032238167631403 14.369626834999963 [[1.5605368412029144]] [[0.307]] [[6]]
0 119768 1601 36 121837 2.6585612568622126 0.16303710200008936 [[1.2230419718560404]] [[0.283]] [[9]]
0 77726 33196 10000 240922 2.6994937087460986 16.483725750999838 [[1.6583178468294406]] [[0.307]] [[5]]
0 63228 965 17 64414 2.6585608630872577 0.09428181900011623 [[1.2230417907041877]] [[0.283]] [[9]]
0 143485 20364 10000 293849 2.6994937087460986 14.490717261999862 [[1.6583178468294408]] [[0.307]] [[5]]
0 88284 21761 10000 240045 2.6994937087460986 14.834454236000056 [[1.6583178468294408]] [[0.307]] [[5]]
0 227572 3711 103 232622 2.6585614091802685 0.4201281620003101 [[1.2230420419282928]] [[0.283]] [[9]]
0 156139 23893 10000 310032 2.6994937087460986 14.91927524699986 [[1.6583178468294408]] [[0.307]] [[5]]
0 143147 9336 4107 205874 2.6585593492390602 6.664578355000231 [[1.2230410942749144]] [[0.283]] [[9]]
0 64839 753 11 65735 2.6585619268346354 0.0693574830002035 [[1.2230422800695115]] [[0.283]] [[9]]
0 234814 39269 10000 404083 2.6994937087460986 16.08655289599983 [[1.6583178468294406]] [[0.307]] [[5]]
0 108438 19186 10000 257624 2.9032238167631403 15.1084998729998 [[1.5605368412029144]] [[0.307]] [[6]]
0 146287 54934 10000 331221 2.909619184984757 16.89702070999965 [[0.8972868428923807]] [[0.263]] [[17]]
0 234751 21582 10000 386333 2.6994937087460986 15.217657560999669 [[1.6583178468294408]] [[0.307]] [[5]]
0 130141 1789 24 132242 2.658560255178426 0.344489216999591 [[1.2230415110423913]] [[0.283]] [[9]]
0 148405 20758 10000 299163 2.6994937087460986 16.116735503999735 [[1.6583178468294408]] [[0.307]] [[5]]
0 235526 25886 10000 391412 2.909619184984757 14.870512879000216 [[0.8972868428923808]] [[0.263]] [[17]]
0 151031 55230 10000 336261 2.909619184984757 17.045993984000233 [[0.8972868428923807]] [[0.263]] [[17]]
0 112662 806 20 113728 2.658561974789222 0.08944717200029118 [[1.2230423021304935]] [[0.283]] [[9]]
0 129057 51754 10000 310811 2.6994937087460986 16.851983419000135 [[1.6583178468294406]] [[0.307]] [[5]]
0 203372 1719 32 205507 2.6585601651574673 0.16708411099989462 [[1.223041469629236]] [[0.283]] [[9]]
0 108655 1388 32 110459 2.6585613885409876 0.1708977150001374 [[1.2230420324334177]] [[0.283]] [[9]]
0 248794 7467 1303 273200 2.658560547147346 2.1573861560000296 [[1.2230416453594937]] [[0.283]] [[9]]
0 129743 2122 41 132398 2.6585592391436026 0.21968650899998465 [[1.2230410436267054]] [[0.283]] [[9]]
0 96441 19259 10000 245700 2.938118187334225 14.461265894999997 [[2.1737195711742943]] [[0.331]] [[3]]
0 117021 3202 61 121016 2.6585599084247735 0.31966483899986997 [[1.2230413515221736]] [[0.283]] [[9]]
0 215238 20632 10000 365870 2.6994937087460986 15.289400990000104 [[1.6583178468294408]] [[0.307]] [[5]]
0 191835 2333 54 194870 2.658561218154636 0.2586249010000756 [[1.2230419540490438]] [[0.283]] [[9]]
0 190655 23550 10000 344205 2.909619184984757 14.699541337000028 [[0.8972868428923808]] [[0.263]] [[17]]
0 270001 8341 2163 306461 2.6585598623403213 3.3148670650002714 [[1.2230413303215264]] [[0.283]] [[9]]
0 220313 11302 1106 245993 2.6585614199407313 2.1757206500001303 [[1.2230420468785257]] [[0.283]] [[9]]
0 214328 43598 10000 387926 2.6994937087460986 17.336971547000303 [[1.6583178468294406]] [[0.307]] [[5]]
0 218825 5144 832 234785 2.6585616039007087 2.1627556250000453 [[1.2230421315072975]] [[0.283]] [[9]]
0 145851 1089 20 147200 2.658559460401598 0.12534775499989337 [[1.2230411454140215]] [[0.283]] [[9]]
0 139243 1750 38 141487 2.65856044615694 0.2033473500000582 [[1.2230415988999639]] [[0.283]] [[9]]
0 194065 4703 121 200341 2.6585602835699773 0.5430383819998497 [[1.2230415241036137]] [[0.283]] [[9]]
0 133472 54259 2044 214303 2.6585603664453554 6.214603280999654 [[1.223041562229523]] [[0.283]] [[9]]
0 177630 19812 10000 327442 2.938118187334225 14.52612708200013 [[2.1737195711742943]] [[0.331]] [[3]]
0 152590 27825 10000 310415 2.909619184984757 14.829387728000256 [[0.8972868428923808]] [[0.263]] [[17]]
0 90442 18109 10000 238551 2.938118187334225 14.474199364000015 [[2.1737195711742943]] [[0.331]] [[3]]
0 185747 58715 10000 374462 2.909619184984757 19.092609401000118 [[0.8972868428923807]] [[0.263]] [[17]]
0 91284 893 18 92411 2.658561251873465 0.09800034299996696 [[1.2230419695610217]] [[0.283]] [[9]]
0 210282 27401 681 246536 2.6585605637161653 2.7010000780001064 [[1.2230416529817971]] [[0.283]] [[9]]

