0 29 377 1.512155697274403e-12 0.04913890599982551 [1.2296974006943347e-08]
0 16 208 1.500292471608392e-11 0.022323633000269183 [-3.8733609070268575e-08]
0 30 390 5.602759526234614e-11 0.03878702899964992 [7.485158332483431e-08]
0 25 325 2.4530056766896977e-11 0.033107249000750016 [-4.9527827296275555e-08]
0 27 351 3.4855275384707774e-12 0.036404235000190965 [-1.8669567585969358e-08]
0 42 546 3.1574342195370335e-11 0.05421604599996499 [5.6191051062754054e-08]
0 30 390 2.3849263891647665e-11 0.045978650000506605 [-4.883570813620671e-08]
0 34 442 7.24870487385382e-11 0.05259126600049058 [-8.513932624735657e-08]
0 24 312 4.937400143718034e-11 0.035205618999498256 [7.026663606376809e-08]
0 31 403 2.8008569656870616e-11 0.04092762899927038 [-5.2923123166410554e-08]
0 28 364 2.9939440390950288e-12 0.03602001299987023 [1.730301719092664e-08]
0 64 832 3.8172224061920925e-11 0.0865809030001401 [6.178367426911492e-08]
0 47 611 3.7457969555021e-11 0.06645223499981512 [-6.120291623364118e-08]
0 35 455 7.174617852078188e-11 0.04520167600003333 [-8.470311595259166e-08]
0 26 338 1.5964735142848796e-12 0.034868044999711856 [-1.2635163292513792e-08]
0 19 247 4.1861186932256116e-11 0.024792166999759502 [6.470022174015798e-08]
0 31 403 3.669428629035827e-11 0.04050681200078543 [6.057580894247989e-08]
0 32 416 7.150353987157594e-11 0.046015508999516896 [-8.455976577047499e-08]
0 28 364 2.2092091998140415e-12 0.03976853099993605 [-1.4863408760489774e-08]
0 35 455 4.2802520037386694e-11 0.050758450999637716 [6.542363490160623e-08]
0 32 416 5.642908306249507e-11 0.04357802199956495 [7.51192938348698e-08]
0 29 377 9.623697430869468e-12 0.043403022000347846 [3.1022084763712234e-08]
0 29 377 2.037404799948921e-13 0.04130291799992847 [-4.5137620672216664e-09]
0 31 403 2.4516679907573907e-11 0.042967238000528596 [4.951432106731739e-08]
0 44 572 8.224355993952358e-11 0.05216564200054563 [9.068823514630967e-08]
0 30 390 6.003903638375123e-11 0.035068463000243355 [7.748486070436678e-08]
0 36 468 1.0872235387975497e-11 0.046712085999388364 [3.29730729353142e-08]
0 30 390 7.064311986704146e-11 0.04488288199991075 [8.40494615491625e-08]
0 34 442 2.6295881138876077e-14 0.047589341000275454 [-1.6216004791216632e-09]
0 25 325 6.702723701137707e-11 0.029751119000138715 [8.187016368090214e-08]
0 36 468 7.635810259649281e-11 0.042184420000012324 [8.738312342580392e-08]
0 33 429 4.214190564524588e-11 0.03855971199936903 [-6.49167972448163e-08]
0 30 390 2.9007796779885707e-12 0.04221622600016417 [-1.703167542547876e-08]
0 37 481 8.679000053547384e-12 0.05236784700082353 [2.9460142656727553e-08]
0 23 299 4.508262809074718e-12 0.03102615700026945 [-2.1232670131367646e-08]
0 28 364 1.1171340067309985e-11 0.03582856699995318 [-3.342355466928972e-08]
0 32 416 7.652905036555192e-11 0.04019181200055755 [-8.748088383501388e-08]
0 20 260 1.992894902582758e-12 0.02936304100057896 [1.4116992960906221e-08]
0 25 325 3.5244327847716124e-11 0.036021257000356854 [-5.936693342906986e-08]
0 28 364 4.252809189200744e-11 0.04508470600012515 [-6.521356599052642e-08]
0 31 403 3.6372886910758993e-13 0.038468870000542665 [-6.030993857629022e-09]
0 50 650 4.614807835159811e-11 0.06430962400008866 [-6.793237692852952e-08]
0 16 208 9.701805538281371e-11 0.023718733999885444 [-9.849774382330476e-08]
0 38 494 8.187900248589607e-11 0.05603689200052031 [9.048701701675001e-08]
0 30 390 2.0796747314030972e-11 0.040072787999633874 [4.560345087165112e-08]
0 27 351 3.1115461235750205e-11 0.03391463599928102 [5.578123451103445e-08]
0 30 390 1.5566254753724648e-11 0.03768054000011034 [3.945409326511591e-08]
0 31 403 1.848428188010534e-12 0.042659083000216924 [-1.3595691185116459e-08]
0 46 598 2.0301218061936207e-11 0.06702838399996836 [4.505687301837113e-08]
0 39 507 6.501236794177087e-11 0.05595841800004564 [-8.06302473900278e-08]

