1 22 286 1.6291836137988815e-11 0.019343857999956526 [-4.0363146728158864e-08]
4 124 1612 2.631895481543439e-11 0.08145515600062936 [5.1302002704996215e-08]
1 36 468 9.411798799685662e-11 0.02394832400023006 [-9.701442572981434e-08]
0 23 299 6.652689994570755e-14 0.01302473200030363 [2.5792809064874565e-09]
2 35 455 5.718242503691324e-11 0.01923821200034581 [7.56190617747359e-08]
0 41 533 8.799534752423209e-11 0.02298563699969236 [-9.380583538577549e-08]
14 229 2977 2.6201918145207734e-11 0.1537270039998475 [-5.118780923736406e-08]
0 32 416 4.7495462424296455e-11 0.020735035000143398 [-6.89169517784242e-08]
0 16 208 2.60301909422272e-11 0.01185947500016482 [5.101979120128502e-08]
0 29 377 9.21126717013832e-11 0.017680957000266062 [-9.597534667891707e-08]
4 77 1001 5.858160617847456e-11 0.04949216199929651 [7.653862173992589e-08]
1 18 234 2.3875626152793658e-14 0.010117573000570701 [1.5451739757319775e-09]
2 60 780 7.471078005836346e-11 0.03648379300011584 [-8.643539787515499e-08]
5 107 1391 2.1975331087493572e-14 0.07028433799951017 [-1.4824078752992907e-09]
0 26 338 7.270253365407513e-11 0.018881693999901472 [8.526578074120657e-08]
0 19 247 2.9085174174214033e-11 0.013317142000232707 [5.393067232495255e-08]
4 75 975 2.4927924315152342e-11 0.05405281500043202 [-4.992787229108841e-08]
1 31 403 2.7213953898511537e-11 0.019562712000151805 [-5.2166995215856104e-08]
1 40 520 4.599723397300422e-13 0.022937558999728935 [6.782126065844266e-09]
0 20 260 6.890597786657533e-14 0.011027485999875353 [-2.624994816501079e-09]
0 26 338 5.492977205028579e-11 0.014327791000141588 [7.411462207303346e-08]
8 142 1846 1.7995304914800094e-12 0.09085941099965567 [1.3414657995938657e-08]
2 45 585 9.473728792326916e-11 0.02904215899980045 [9.733308169541801e-08]
0 27 351 9.096374719659344e-11 0.014776009999877715 [9.537491661678842e-08]
0 26 338 8.573105951405685e-11 0.013600768999822321 [9.259106842134227e-08]
2 63 819 6.397774926734248e-11 0.03236138700049196 [-7.99860920831506e-08]
3 58 754 1.0240835185132155e-11 0.0385563589998128 [3.200130495016126e-08]
0 26 338 7.34248589905609e-11 0.019046878999688488 [8.568830666465576e-08]
5 89 1157 9.169723575731003e-11 0.052154959000290546 [-9.575867363184916e-08]
3 51 663 4.4884570400679354e-11 0.0340361850003319 [6.699594793767706e-08]
5 103 1339 2.3919367077159724e-11 0.07036814799994318 [4.8907429984778104e-08]
0 21 273 9.6291753120553e-12 0.013446576000205823 [3.103091251003634e-08]
13 217 2821 3.2993333688895486e-15 0.12032717800047976 [-5.743982389326719e-10]
5 111 1443 2.0736980187413193e-13 0.0769488010000714 [-4.553787455230337e-09]
0 18 234 3.1190921787177977e-11 0.01014837599996099 [5.584883327982598e-08]
1 41 533 2.5063557907661684e-11 0.02297160000034637 [5.0063517562853776e-08]
0 21 273 1.9471387897009715e-12 0.010660848000043188 [-1.3953991506737316e-08]
2 60 780 4.0173687099553886e-11 0.03156265799952962 [6.33827161768521e-08]
4 86 1118 8.326695266947678e-11 0.04450034000001324 [9.125072748722433e-08]
0 27 351 2.600259231629294e-11 0.016386398000577174 [5.0992737047831564e-08]
2 52 676 9.525632369678557e-11 0.03462128000046505 [-9.759934615395001e-08]
0 48 624 7.985114986536832e-12 0.03193897900018783 [2.8257945761390425e-08]
4 76 988 9.315695590290659e-12 0.046918136999920534 [-3.0521624449381226e-08]
0 26 338 4.0122448918984837e-11 0.014099113999691326 [-6.334228360186017e-08]
0 23 299 2.2345222039347375e-12 0.01212115599992103 [1.4948318313224193e-08]
3 103 1339 3.702499360820812e-12 0.07079167500069161 [-1.9241879743987623e-08]
5 74 962 8.958440543786832e-12 0.05131684600019071 [2.993065409206226e-08]
3 80 1040 6.28228019313392e-11 0.049478807999548735 [-7.926083643978228e-08]
8 170 2210 6.784428880472445e-13 0.09188337999967189 [8.236764462137087e-09]
3 80 1040 2.3607420364575955e-11 0.05675977500050067 [4.858746789510229e-08]

