0 61 793 6.676813409819552e-11 0.07759866200012766 [8.171177032606472e-08]
0 25 325 1.9132820326003533e-11 0.03314745799980301 [4.3741079463135715e-08]
0 57 741 1.4303682395259762e-12 0.07405462600036117 [1.1959800330799743e-08]
0 23 299 5.3776383411949994e-11 0.03005523499996343 [7.333238262319723e-08]
0 44 572 1.0074452385754299e-11 0.05814161400030571 [-3.174027785914027e-08]
0 48 624 7.435010965483314e-11 0.0683033980003529 [-8.62265096445595e-08]
0 32 416 5.735968390216222e-12 0.045695843000430614 [-2.3949881816443733e-08]
0 40 520 9.547927667470561e-11 0.05099191099998279 [-9.77134978775735e-08]
0 31 403 5.3272498841473565e-11 0.04271386800064647 [-7.298801192077612e-08]
0 43 559 1.9236004951156733e-12 0.05254248999972333 [1.3869392542990746e-08]
0 31 403 4.7413848134689966e-15 0.049089703999925405 [6.885771426259368e-10]
0 134 1742 9.406476796251446e-11 0.16793214900008024 [9.698699292302781e-08]
0 30 390 6.450547176018748e-12 0.035477133999847865 [-2.5397927427289708e-08]
0 21 273 2.3947574796812905e-12 0.036617767000279855 [1.5475003973121592e-08]
0 29 377 3.2878355173498495e-13 0.045923007000055804 [5.73396504815808e-09]
0 34 442 2.203994731639233e-11 0.05278092199932871 [4.694672226725986e-08]
0 202 2626 4.6949469306260003e-11 0.25892987600036577 [6.85196827971788e-08]
0 32 416 9.964208206532038e-11 0.03933524399963062 [9.982088061388778e-08]
0 33 429 9.77683818522427e-12 0.03943725200042536 [-3.126793594918646e-08]
0 19 247 4.879223271226007e-11 0.023365860000012617 [6.98514371450295e-08]
0 16 208 4.5562420484887244e-12 0.02019495199965604 [-2.1345355580286603e-08]
0 72 936 3.6613788571539915e-12 0.10609513900089951 [1.9134729831262294e-08]
0 23 299 9.15562773777949e-11 0.0380764920000729 [9.568504448334384e-08]
0 29 377 1.8130625192699993e-14 0.040120926000781765 [-1.346500099988856e-09]
0 36 468 6.781781875286919e-11 0.04449939699952665 [-8.235157481971379e-08]
0 27 351 3.0552172956283487e-14 0.03167381899947941 [1.7479179888165087e-09]
0 48 624 1.0747933480682952e-11 0.05910940399917308 [-3.278404105762887e-08]
0 41 533 2.3118048025983166e-11 0.06050702300035482 [4.8081231292452534e-08]
0 37 481 7.690341743696471e-11 0.04918454600010591 [-8.769459358305089e-08]
0 28 364 1.3744994300877944e-11 0.03355026400004135 [3.7074242137740246e-08]
0 13 169 3.778083029691467e-11 0.01621743299983791 [6.146611285652825e-08]
0 28 364 7.289978487209441e-13 0.03398201700019854 [8.538137084405146e-09]
0 26 338 3.150571588978075e-13 0.036048877999746765 [-5.612995268996826e-09]
0 27 351 1.3578804928936138e-12 0.039242744999683055 [1.16528129346249e-08]
0 25 325 6.962637209667479e-13 0.03510090300005686 [-8.344241852719443e-09]
0 23 299 2.2762161868602723e-12 0.030585249999603548 [-1.508713421051285e-08]
0 25 325 1.7404704013001655e-11 0.0410895499999242 [-4.171894535220378e-08]
0 36 468 1.132008287164109e-13 0.05798686899925087 [3.364533083748931e-09]
0 32 416 3.465231671461122e-11 0.05690898100056074 [-5.886621842331238e-08]
0 30 390 8.737193680448606e-11 0.043805741999676684 [-9.347295694717594e-08]
0 18 234 8.445904034333062e-12 0.025240818000384024 [2.9061837578400065e-08]
0 37 481 2.2397981761054446e-11 0.04864157699921634 [4.7326506062728155e-08]
0 57 741 8.000076046248195e-12 0.0778574039995874 [2.8284405679186887e-08]
0 34 442 3.685073281153163e-11 0.04771720999997342 [-6.070480443221247e-08]
0 59 767 5.788134631159853e-11 0.08376072300052329 [7.607979121396071e-08]
0 16 208 7.433139773067197e-11 0.023738388999845483 [-8.621565851437427e-08]
0 57 741 1.9315125552172147e-12 0.07761795700025687 [1.3897886728626099e-08]
0 28 364 5.1952352095837565e-11 0.04248134600038611 [7.207798006037459e-08]
0 36 468 8.561224540053947e-13 0.048366911999437434 [-9.252688549850766e-09]
0 27 351 6.476288890557091e-12 0.03334393000022828 [2.5448553771397483e-08]

