0 99 1287 6.618776179154132e-11 0.1225757150004938 [8.135586136938218e-08]
0 26 338 3.5741316445085507e-11 0.033499965999908454 [-5.9784041721086e-08]
0 31 403 2.2642094976771413e-12 0.04025558600005752 [1.504729044604756e-08]
0 21 273 8.825597980280622e-11 0.027866757000083453 [-9.394465381425716e-08]
0 23 299 9.290539748495237e-11 0.0317433259997415 [9.63874460108537e-08]
0 50 650 7.508872481443673e-12 0.06366102999982104 [2.740232194804607e-08]
0 71 923 3.6145104513525567e-11 0.09218700699966575 [6.012079882497035e-08]
0 36 468 3.1702548409265194e-11 0.046789672000159044 [-5.63050161257993e-08]
0 43 559 9.892878126274033e-12 0.054928843999732635 [3.145294600871917e-08]
0 32 416 5.130558210167962e-12 0.04203795800003718 [-2.265073555134129e-08]
0 34 442 8.607516380164395e-11 0.043256109000139986 [-9.277670170988186e-08]
0 292 3796 1.0174690892271357e-12 0.3881671090002783 [-1.0086967280739716e-08]
0 33 429 2.3517815852684173e-11 0.043770717000370496 [4.849517074171837e-08]
0 35 455 6.1563140569456445e-12 0.043981439000162936 [2.4811920636955222e-08]
0 23 299 1.2383814844291827e-11 0.03210793400012335 [3.519064484247458e-08]
0 28 364 1.3266199876521394e-11 0.03752285100017616 [-3.642279489072934e-08]
0 26 338 2.962310196886361e-11 0.039986292000321555 [-5.4427109025616645e-08]
0 23 299 7.335935845273968e-11 0.05043525099972612 [8.565007790582544e-08]
0 30 390 3.889561604495563e-12 0.06376137400002335 [1.972197151528103e-08]
0 25 325 3.4482831837574085e-11 0.03815113399923575 [5.872208429336793e-08]
0 23 299 5.2238461935790095e-11 0.04302840499985905 [-7.227617998745513e-08]
0 29 377 8.706294241741123e-11 0.048117024999555724 [9.33075251077914e-08]
0 30 390 9.10664601524542e-11 0.05605348000062804 [-9.542874836885067e-08]
0 18 234 2.564630629590268e-11 0.03783437199945183 [5.0642182314650184e-08]
0 31 403 1.452547699517262e-12 0.05734829500033811 [1.2052168682512131e-08]
0 32 416 6.373206717821963e-12 0.04461849300059839 [-2.5245210868245808e-08]
0 37 481 7.696848298339124e-11 0.04516562299977522 [-8.773168354898431e-08]
0 37 481 2.265014370414391e-11 0.05318328100020153 [-4.759216711197748e-08]
0 25 325 8.283341696206773e-11 0.03932694299965078 [-9.101286555321051e-08]
0 17 221 9.451148557217444e-13 0.02713554500041937 [9.721701783750335e-09]
0 34 442 3.251179886225188e-12 0.043339355000171054 [1.8031028495971017e-08]
0 39 507 2.5718848576506682e-11 0.049645877000330074 [5.071375412696903e-08]
0 25 325 4.8795176005727996e-11 0.031447381999896606 [-6.985354393710314e-08]
0 35 455 3.3416940340852104e-13 0.049667455999951926 [5.780738736602105e-09]
0 48 624 1.0571865119657684e-12 0.07060643099976005 [1.028195755664148e-08]
0 32 416 2.5472253906587584e-12 0.03771907000009378 [-1.59600294193299e-08]
0 41 533 1.160012593623219e-12 0.06224153800030763 [1.0770388078538391e-08]
0 39 507 6.510419998014906e-12 0.05351861000053759 [2.5515524682073276e-08]
0 39 507 3.750300120228552e-11 0.056468995000614086 [-6.123969399195714e-08]
0 39 507 3.846967835504711e-11 0.05125465999935841 [6.202392953936981e-08]
0 39 507 4.377984920838377e-11 0.04652704499949323 [6.616634280990885e-08]
0 35 455 5.964152745125273e-11 0.03967984399969282 [-7.722792723571747e-08]
0 53 689 7.87004221386506e-13 0.07439117699959752 [8.871325838827621e-09]
0 42 546 6.5904887835689734e-12 0.0567260729994814 [-2.5671947303562645e-08]
0 23 299 1.4829828008693428e-13 0.028430532999664138 [3.850951571844734e-09]
0 38 494 6.924178631110903e-11 0.043345361000319826 [-8.321164961176351e-08]
0 41 533 4.4684220720669626e-12 0.0489478980007334 [2.113864251097256e-08]
0 27 351 3.392365906235998e-11 0.03454434900049819 [-5.8244020347465695e-08]
0 88 1144 6.829212143806629e-11 0.1202744949996486 [8.26390473311898e-08]
0 39 507 6.9178462124612484e-12 0.0476604169998609 [2.630179882148985e-08]

