1 46 598 1.5844379638221375e-11 0.023721181999462715 [3.980499923153042e-08]
0 15 195 5.084993938858893e-12 0.008487291999699664 [2.2549931128185057e-08]
1 38 494 3.068333513075632e-11 0.02355324899963307 [5.539254022948968e-08]
0 19 247 2.289782960780388e-13 0.011513211999954365 [4.785167667679355e-09]
3 73 949 3.9969195142899974e-11 0.041101487000560155 [-6.32211951349387e-08]
0 26 338 8.511260195663311e-13 0.016738221000196063 [9.22564913470229e-09]
1 39 507 2.077187597555244e-12 0.02078130100017006 [-1.4412451552582039e-08]
1 24 312 6.649183268971876e-11 0.017063708000023325 [-8.154252429850253e-08]
0 25 325 2.4209245360799872e-11 0.018143977999898198 [-4.920289154185948e-08]
4 77 1001 4.710443242386258e-13 0.03990990099919145 [6.863266891492898e-09]
0 18 234 3.9327245713550745e-14 0.014766188000066904 [1.9831098233217127e-09]
0 22 286 5.138549648351349e-11 0.015005393000137701 [-7.168367769828323e-08]
0 23 299 4.6904499165887925e-11 0.013839044000633294 [6.848685944463209e-08]
13 244 3172 9.950509523173295e-11 0.1394472100000712 [-9.97522406924942e-08]
2 69 897 2.4885211061273533e-13 0.03763995799999975 [4.9885078992894795e-09]
1 28 364 2.8986229830118712e-12 0.020476433000112593 [-1.7025342824777042e-08]
8 165 2145 7.212447563207793e-11 0.09519342499970662 [-8.492613003786168e-08]
4 61 793 2.9056081081377725e-11 0.03855273600038345 [5.3903692898889335e-08]
1 31 403 8.958738125446367e-12 0.016767844000241894 [-2.993115120647111e-08]
1 52 676 9.350480232636017e-12 0.037117333999958646 [3.057855495708719e-08]
0 36 468 8.682896080734903e-13 0.025888251000651508 [-9.31820587921028e-09]
4 87 1131 5.218253020777329e-11 0.053852846999689064 [-7.223747656706544e-08]
1 35 455 1.7138567369432008e-11 0.02343935900080396 [-4.139875284284782e-08]
6 115 1495 7.366651920665892e-11 0.06403908600077557 [-8.58292020274329e-08]
4 112 1456 1.495088397890909e-12 0.06699899300019752 [1.222738074115184e-08]
0 20 260 1.3122703043741796e-11 0.014338710000629362 [-3.6225271625954435e-08]
3 35 455 3.480729620858772e-11 0.02456945199992333 [-5.899770860684991e-08]
1 33 429 6.226596966169115e-11 0.021323134999875037 [-7.890878890319579e-08]
3 69 897 1.1637182379613579e-13 0.05025942400061467 [-3.4113314672739702e-09]
2 56 728 4.89126918043659e-12 0.03145649899943237 [2.2116213917478258e-08]
4 62 806 6.76233134503888e-11 0.03474828799971874 [-8.223339555824556e-08]
1 56 728 2.1310495882726395e-11 0.032904315999985556 [-4.6163292649816905e-08]
6 112 1456 3.339328535799365e-13 0.06851005099997565 [-5.7786923570989355e-09]
1 41 533 1.779003725876848e-11 0.024325532000148087 [4.217823758618712e-08]
0 26 338 3.4459628472544043e-13 0.015060789000017394 [5.870232403622879e-09]
2 54 702 7.2208828114334e-11 0.03266832099961903 [8.497577779245919e-08]
8 199 2587 1.3605235589247996e-11 0.1380577390000326 [-3.688527563845497e-08]
1 22 286 4.3662180028148146e-14 0.01842322399988916 [-2.0895497129321462e-09]
1 28 364 1.2451511033254111e-11 0.0179446319998533 [3.5286698674223e-08]
10 172 2236 6.566368854285649e-11 0.11120826000023953 [8.103313429878946e-08]
0 19 247 2.9641987384838117e-12 0.010139258999515732 [1.7216848545781576e-08]
1 48 624 2.154254934120518e-12 0.026557047000096645 [-1.467738033206375e-08]
1 49 637 2.362629692330577e-12 0.030857796000418602 [1.537084803233243e-08]
5 84 1092 6.1362560441900285e-12 0.0770699960003185 [-2.477146754673616e-08]
1 66 858 2.8636298841229816e-11 0.048593331999654765 [-5.351289455937682e-08]
2 63 819 2.5350866870257863e-11 0.0384420800000953 [-5.034964435848367e-08]
8 131 1703 4.415667375549787e-11 0.09046981599931314 [6.645048815132803e-08]
2 72 936 2.061555920899656e-11 0.050677393000114535 [4.5404360152959496e-08]
1 34 442 1.8625137849473684e-12 0.025231437000002188 [-1.3647394568002232e-08]
0 29 377 4.506140444601528e-12 0.02021022000008088 [2.122767166837081e-08]

