6 84 1092 1.292947972856181e-12 0.04590839599950414 [1.137078701258704e-08]
1 38 494 8.875295766001184e-11 0.019530960000338382 [9.420878815695054e-08]
6 131 1703 6.660641540530724e-13 0.078340133999518 [-8.161275354091861e-09]
1 23 299 8.982983795035303e-11 0.02106250699944212 [9.477860409942375e-08]
1 30 390 6.070441212017866e-11 0.0276514679999309 [7.791303621357511e-08]
5 90 1170 2.7353324312031886e-11 0.08367872700000589 [-5.2300405650464974e-08]
5 78 1014 4.3631521706400644e-11 0.09558244199979526 [6.605416088816861e-08]
4 84 1092 4.24577008901782e-11 0.08606671400048072 [6.515957403956705e-08]
0 21 273 4.149744162508781e-11 0.018311505000383477 [-6.441850791898848e-08]
11 198 2574 6.560547464709852e-12 0.20908614000018133 [-2.561356567272478e-08]
1 40 520 1.151533514642418e-12 0.04428477099918382 [1.073095296160792e-08]
1 27 351 1.7578361122962859e-12 0.0305265689994485 [-1.3258341194494453e-08]
1 38 494 8.457504515501553e-11 0.03845666999950481 [-9.196469167839118e-08]
0 20 260 6.787280908313031e-11 0.020015348000015365 [-8.238495559453214e-08]
0 23 299 7.53150278266734e-11 0.02389820000007603 [-8.678423118670431e-08]
0 21 273 4.283797584995281e-11 0.02268447699952958 [6.54507263901271e-08]
0 20 260 5.789276306834087e-11 0.02097251600025629 [-7.608729399074518e-08]
1 31 403 3.324381737484823e-11 0.03196461200059275 [5.765745170821221e-08]
9 153 1989 1.5635060748489327e-11 0.15757355999994616 [3.954119465631928e-08]
1 32 416 1.4172090483398485e-12 0.035915229999773146 [-1.1904658954963172e-08]
2 44 572 3.860940018471384e-11 0.046596109999882174 [6.213646287383426e-08]
5 100 1300 2.3690022617247822e-11 0.10561807999965822 [4.867239732871992e-08]
7 123 1599 4.0221636227097376e-12 0.1383486159993481 [2.0055332514595058e-08]
4 65 845 3.387454246110638e-11 0.07898011799989035 [-5.820184057322103e-08]
5 71 923 2.032782048102033e-12 0.07362557200031006 [1.4257566580949334e-08]
2 62 806 5.6304945535657795e-11 0.06236651000017446 [7.503662141625101e-08]
0 22 286 8.191930021560007e-13 0.027487129000292043 [-9.050928141113488e-09]
3 87 1131 5.479862051199131e-12 0.11572158800026955 [-2.340910517554896e-08]
2 43 559 1.134540907294514e-12 0.05703759900006844 [-1.065148302958097e-08]
1 44 572 1.284143817094118e-11 0.0622258060002423 [3.583495245000498e-08]
0 20 260 2.487620024839596e-11 0.0245257650003623 [-4.987604660395204e-08]
8 104 1352 3.572870105363206e-11 0.10485921099916595 [-5.97734899881478e-08]
4 98 1274 1.0840043412881277e-11 0.10706437400040159 [3.29242211948609e-08]
1 41 533 8.882165146416492e-11 0.03764388699983101 [-9.424523938330515e-08]
7 97 1261 6.81481396019181e-11 0.08121979400038981 [-8.255188647264102e-08]
0 20 260 4.0875038675174456e-11 0.015783288000420725 [6.393358950909487e-08]
0 29 377 8.324243365102299e-11 0.022803726000347524 [-9.123729152655891e-08]
0 15 195 6.323132861740239e-11 0.012333595000200148 [7.951812913883373e-08]
6 112 1456 3.0427258237111645e-13 0.08889888500016241 [-5.5160908474309635e-09]
0 19 247 6.362155478635608e-11 0.016365149000193924 [-7.976312104372301e-08]
1 27 351 3.07754297858101e-11 0.023402275000080408 [-5.547560705914817e-08]
1 40 520 1.5453240743084044e-11 0.03175131900025008 [-3.93106102001534e-08]
0 24 312 8.916723304496808e-11 0.019956562000515987 [-9.442840306018527e-08]
5 100 1300 5.145657928145306e-11 0.07038512000053743 [7.173324144457231e-08]
0 16 208 8.893590640572367e-11 0.009225907000654843 [-9.43058356655216e-08]
0 14 182 9.463573110029937e-11 0.00834536099955585 [-9.728089797092714e-08]
1 37 481 3.0501921531920774e-12 0.020350814999801514 [1.74647993208971e-08]
5 102 1326 1.4104909545508659e-11 0.0667037880002681 [-3.755650349208331e-08]
1 20 260 5.439277400576491e-11 0.014355428999806463 [-7.375145693866997e-08]
0 16 208 4.046699863568166e-11 0.01170366600035777 [-6.361367670216969e-08]

