101 0 1951 25363 2.658561066615077 1.168709676000617 [[1.2230418843349307]] [[0.283]] [[9]]
1 0 85 1105 2.6585621398203587 0.05716189999930066 [[1.2230423780512594]] [[0.283]] [[9]]
210 0 3644 47372 2.6585622819116552 2.1360727149995 [[1.2230424434188032]] [[0.283]] [[9]]
0 0 36 468 2.6585600875319404 0.019874271999469784 [[1.223041433918463]] [[0.283]] [[9]]
186 0 3050 39650 2.6585619483141656 1.7960321679993285 [[1.223042289950934]] [[0.283]] [[9]]
45 0 1009 13117 2.658562167267828 0.5831840230002854 [[1.223042390678167]] [[0.283]] [[9]]
10 0 233 3029 2.6585598658635354 0.1294972069999858 [[1.2230413319423423]] [[0.283]] [[9]]
12 0 334 4342 2.6585598950569858 0.2103687569997419 [[1.2230413453724693]] [[0.283]] [[9]]
32 0 622 8086 2.658560390371019 0.3744914250000875 [[1.2230415732362623]] [[0.283]] [[9]]
20 0 420 5460 2.658561400848333 0.24108838899974216 [[1.2230420380952771]] [[0.283]] [[9]]
24 0 421 5473 2.658561679942858 0.2661889549999614 [[1.2230421664896551]] [[0.283]] [[9]]
8 0 154 2002 2.658560355267807 0.1075195020002866 [[1.2230415570874145]] [[0.283]] [[9]]
5 0 143 1859 2.6585624581512097 0.10332341199955408 [[1.2230425244958791]] [[0.283]] [[9]]
14 0 449 5837 2.658561359366993 0.3072324380000282 [[1.223042019012241]] [[0.283]] [[9]]
11 0 244 3172 2.658560146758511 0.17238461800025107 [[1.2230414611649978]] [[0.283]] [[9]]
26 0 467 6071 2.658561716428449 0.3247773640005107 [[1.2230421832744511]] [[0.283]] [[9]]
13 0 354 4602 2.6585598779539388 0.2200099430001501 [[1.2230413375044]] [[0.283]] [[9]]
106 0 1701 22113 2.6585600990570226 1.0258492220000335 [[1.2230414392204507]] [[0.283]] [[9]]
114 0 1917 24921 2.6585617731274676 1.2229814140000599 [[1.2230422093582134]] [[0.283]] [[9]]
27 0 485 6305 2.658561303839136 0.33430034699995304 [[1.223041993467259]] [[0.283]] [[9]]
46 0 816 10608 2.6585597387741133 0.5091583820003507 [[1.2230412734762466]] [[0.283]] [[9]]
160 0 2819 36647 2.6585601513842025 2.0223028560003513 [[1.2230414632929965]] [[0.283]] [[9]]
15 0 210 2730 2.6585616103760463 0.1224020030003885 [[1.2230421344862055]] [[0.283]] [[9]]
9 0 178 2314 2.6585624692998575 0.11882916600006865 [[1.223042529624692]] [[0.283]] [[9]]
12 0 238 3094 2.6585609106447667 0.15792896700077108 [[1.2230418125824984]] [[0.283]] [[9]]
115 0 2076 26988 2.6585617408798696 1.2176670540002306 [[1.2230421945230592]] [[0.283]] [[9]]
17 0 388 5044 2.658562470248412 0.21774307299983775 [[1.2230425300610643]] [[0.283]] [[9]]
3 0 63 819 2.658562653898485 0.04224987900033739 [[1.2230426145472677]] [[0.283]] [[9]]
120 0 2109 27417 2.65856220194177 1.255909975000577 [[1.2230424066295338]] [[0.283]] [[9]]
33 0 658 8554 2.658559448420212 0.4211304279997421 [[1.2230411399021162]] [[0.283]] [[9]]
15 0 290 3770 2.6585594017029845 0.1956227239998043 [[1.2230411184103676]] [[0.283]] [[9]]
75 0 1249 16237 2.658561410365811 0.7838264390002223 [[1.2230420424736885]] [[0.283]] [[9]]
10 0 236 3068 2.658562037533146 0.13410075699994195 [[1.2230423309951481]] [[0.283]] [[9]]
88 0 1660 21580 2.6585612067068225 0.9830636369997592 [[1.2230419487826028]] [[0.283]] [[9]]
16 0 349 4537 2.6585612503307723 0.2860873300005551 [[1.2230419688513228]] [[0.283]] [[9]]
3 0 94 1222 2.658561379178123 0.05738434700015205 [[1.2230420281261345]] [[0.283]] [[9]]
189 0 3340 43420 2.6585599286477075 1.9917943559994455 [[1.2230413608255128]] [[0.283]] [[9]]
132 0 2570 33410 2.6585596501397415 2.0626271450000786 [[1.223041232700975]] [[0.283]] [[9]]
59 0 910 11830 2.6585601782183583 0.8707936580003661 [[1.22304147563743]] [[0.283]] [[9]]
22 0 338 4394 2.6585600695705787 0.21657656800016412 [[1.2230414256555353]] [[0.283]] [[9]]
27 0 459 5967 2.6585624403828625 0.34502677399996173 [[1.2230425163217455]] [[0.283]] [[9]]
16 0 237 3081 2.6585620025225825 0.1511341720006385 [[1.223042314888922]] [[0.283]] [[9]]
84 0 1496 19448 2.6585618918381777 0.9694057899996551 [[1.2230422639697747]] [[0.283]] [[9]]
25 0 462 6006 2.658560204646521 0.29476651000004495 [[1.2230414877957423]] [[0.283]] [[9]]
126 0 2287 29731 2.6585600170792287 1.4197046999997838 [[1.223041401507465]] [[0.283]] [[9]]
16 0 339 4407 2.658560938420187 0.1891670860004524 [[1.2230418253602762]] [[0.283]] [[9]]
113 0 1874 24362 2.65856103099577 1.140430104999723 [[1.2230418679486588]] [[0.283]] [[9]]
114 0 2110 27430 2.6585608890988697 1.2246411610003634 [[1.2230418026705447]] [[0.283]] [[9]]
1 0 34 442 2.6585605320651244 0.02113768699928187 [[1.223041638421083]] [[0.283]] [[9]]
62 0 1354 17602 2.65856247293153 0.8119275199996991 [[1.2230425312954032]] [[0.283]] [[9]]

