0 8892 10000 138892 0.0003597470804197071 4.939725088000159 [[0.6000000000000001]] [[0.009]] [[1]]
0 18614 10000 148614 0.0003597470804197071 6.1021319639994545 [[0.6000000000000001]] [[0.009]] [[1]]
0 26805 10000 156805 0.0003597470804197071 4.928814367999621 [[0.6000000000000001]] [[0.009]] [[1]]
0 39641 10000 169641 0.0003597470804197071 5.244725586000641 [[0.6000000000000001]] [[0.009]] [[1]]
0 50833 10000 180833 0.0003597470804197071 6.052023415999429 [[0.6000000000000001]] [[0.009]] [[1]]
0 63265 10000 193265 0.0003597470804197071 5.243190485000014 [[0.6000000000000001]] [[0.009]] [[1]]
0 75861 10000 205861 0.0003597470804197071 5.073115608999615 [[0.6000000000000001]] [[0.009]] [[1]]
0 86785 10000 216785 0.0003597470804197071 5.192489520999516 [[0.6000000000000001]] [[0.009]] [[1]]
0 104752 10000 234752 0.0003597470804197071 4.815144105999934 [[0.6000000000000001]] [[0.009]] [[1]]
0 116580 10000 246580 0.0003597470804197071 5.0621085089996996 [[0.6000000000000001]] [[0.009]] [[1]]
0 136154 10000 266154 0.0003597470804197071 5.156293856999582 [[0.6000000000000001]] [[0.009]] [[1]]
0 148506 10000 278506 0.0003597470804197071 4.744006207999519 [[0.6000000000000001]] [[0.009]] [[1]]
0 160716 10000 290716 0.0003597470804197071 4.934314279999853 [[0.6000000000000001]] [[0.009]] [[1]]
0 169921 10000 299921 0.0003597470804197071 5.668563350999648 [[0.6000000000000001]] [[0.009]] [[1]]
0 181621 10000 311621 0.0003597470804197071 5.236503877000359 [[0.6000000000000001]] [[0.009]] [[1]]
0 194533 10000 324533 0.0003597470804197071 6.330264188000001 [[0.6000000000000001]] [[0.009]] [[1]]
0 206808 10000 336808 0.0003597470804197071 6.465126760999738 [[0.6000000000000001]] [[0.009]] [[1]]
0 217743 10000 347743 0.0003597470804197071 5.36940738300018 [[0.6000000000000001]] [[0.009]] [[1]]
0 226710 10000 356710 0.0003597470804197071 5.379428363999978 [[0.6000000000000001]] [[0.009]] [[1]]
0 236497 10000 366497 0.0003597470804197071 6.142580437999641 [[0.6000000000000001]] [[0.009]] [[1]]
0 249983 10000 379983 0.0003597470804197071 4.8062697969999135 [[0.6000000000000001]] [[0.009]] [[1]]
0 259766 10000 389766 0.0003597470804197071 4.831142996999915 [[0.6000000000000001]] [[0.009]] [[1]]
0 271303 10000 401303 0.0003597470804197071 5.590474546999758 [[0.6000000000000001]] [[0.009]] [[1]]
0 287905 10000 417905 0.0003597470804197071 6.111816797000756 [[0.6000000000000001]] [[0.009]] [[1]]
0 299905 10000 429905 0.0003597470804197071 5.033249119999709 [[0.6000000000000001]] [[0.009]] [[1]]
0 311258 10000 441258 0.0003597470804197071 4.751030356999763 [[0.6000000000000001]] [[0.009]] [[1]]
0 325247 10000 455247 0.0003597470804197071 5.393814035000105 [[0.6000000000000001]] [[0.009]] [[1]]
0 332456 10000 462456 0.0003597470804197071 4.757841993000511 [[0.6000000000000001]] [[0.009]] [[1]]
0 341775 10000 471775 0.0003597470804197071 4.745577271000002 [[0.6000000000000001]] [[0.009]] [[1]]
0 351441 10000 481441 0.0003597470804197071 5.4065026589996705 [[0.6000000000000001]] [[0.009]] [[1]]
0 360265 10000 490265 0.0003597470804197071 4.763047880999693 [[0.6000000000000001]] [[0.009]] [[1]]
0 373245 10000 503245 0.0003597470804197071 5.039020685999276 [[0.6000000000000001]] [[0.009]] [[1]]
0 393024 10000 523024 0.0003597470804197071 5.501358006000373 [[0.6000000000000001]] [[0.009]] [[1]]
0 409163 10000 539163 0.0003597470804197071 5.177717027999279 [[0.6000000000000001]] [[0.009]] [[1]]
0 418634 10000 548634 0.0003597470804197071 5.0762074080003 [[0.6000000000000001]] [[0.009]] [[1]]
0 429053 10000 559053 0.0003597470804197071 5.573606263000329 [[0.6000000000000001]] [[0.009]] [[1]]
0 438867 10000 568867 0.0004796627738929428 5.324507461999929 [[0.6000000000000001]] [[0.009]] [[2]]
0 455200 10000 585200 0.0003597470804197071 4.87858138699994 [[0.6000000000000001]] [[0.009]] [[1]]
0 468410 10000 598410 0.0003597470804197071 5.721670069000538 [[0.6000000000000001]] [[0.009]] [[1]]
0 477431 10000 607431 0.0003597470804197071 4.798161364000407 [[0.6000000000000001]] [[0.009]] [[1]]
0 490684 10000 620684 0.0004796627738929428 4.979264876000343 [[0.6000000000000001]] [[0.009]] [[2]]
0 507378 10000 637378 0.0003597470804197071 5.434316522999325 [[0.6000000000000001]] [[0.009]] [[1]]
0 522097 10000 652097 0.0003597470804197071 4.992382365000594 [[0.6000000000000001]] [[0.009]] [[1]]
0 534948 10000 664948 0.0003597470804197071 4.781193341000289 [[0.6000000000000001]] [[0.009]] [[1]]
0 544100 10000 674100 0.0003597470804197071 5.332033006000529 [[0.6000000000000001]] [[0.009]] [[1]]
0 556460 10000 686460 0.0003597470804197071 4.7040596320002805 [[0.6000000000000001]] [[0.009]] [[1]]
0 573144 10000 703144 0.0003597470804197071 4.749088528999891 [[0.6000000000000001]] [[0.009]] [[1]]
0 581018 10000 711018 0.0013190726282055927 5.546417253000072 [[0.6000000000000001]] [[0.009]] [[9]]
0 590393 10000 720393 0.0003597470804197071 4.8521478660004504 [[0.6000000000000001]] [[0.009]] [[1]]
0 600610 10000 730610 0.0003597470804197071 4.711047797999527 [[0.6000000000000001]] [[0.009]] [[1]]

