0 162845 0 10000 292845 2.800157076097795 6.671670804000314 [[1.1808331120574043]] [[0.283]] [[10]]
0 68802 0 10000 198802 2.859301015529199 6.361030371999732 [[0.915603855043749]] [[0.263]] [[16]]
0 46634 0 82 47700 2.6585592365637867 0.05800092500066967 [[1.2230410424395635]] [[0.283]] [[9]]
0 42752 0 10000 172752 3.088245966694499 7.348733373999494 [[0.9572784042516101]] [[0.263]] [[14]]
0 46354 0 10000 176354 2.909619184984757 6.398796520999895 [[0.8972868428923808]] [[0.263]] [[17]]
0 65211 0 10000 195211 3.102540388995962 7.124155941999561 [[1.4823761855945654]] [[0.307]] [[7]]
0 68791 0 855 79906 2.658561756727709 0.5786232370010111 [[1.2230422018136842]] [[0.283]] [[9]]
0 117734 0 607 125625 2.6585609232140865 0.41514996099977 [[1.2230418183648764]] [[0.283]] [[9]]
0 173268 0 10000 303268 2.859301015529199 6.41862938900158 [[0.915603855043749]] [[0.263]] [[16]]
0 55809 0 10000 185809 2.859301015529199 6.916773355998885 [[0.915603855043749]] [[0.263]] [[16]]
0 161614 0 10000 291614 2.859301015529199 6.36332428499918 [[0.915603855043749]] [[0.263]] [[16]]
0 156018 0 10000 286018 2.938118187334225 6.805961332998777 [[2.1737195711742943]] [[0.331]] [[3]]
0 137613 0 10000 267613 2.6994937087460986 6.613728893000371 [[1.6583178468294406]] [[0.307]] [[5]]
0 102758 0 10000 232758 2.938118187334225 6.47270551100155 [[2.1737195711742943]] [[0.331]] [[3]]
0 87436 0 10000 217436 3.9597811512784946 6.7916070130013395 [[2.449312983194384]] [[0.362]] [[3]]
0 121610 0 60 122390 2.6585597591041537 0.04709406800066063 [[1.2230412828288588]] [[0.283]] [[9]]
0 96981 0 10000 226981 2.938118187334225 6.436274987001525 [[2.1737195711742943]] [[0.331]] [[3]]
0 106893 0 425 112418 2.658561437808854 0.29088681600114796 [[1.2230420550985597]] [[0.283]] [[9]]
0 70399 0 10000 200399 2.859301015529199 7.415298867999809 [[0.915603855043749]] [[0.263]] [[16]]
0 116933 0 60 117713 2.658562444206904 0.06334986699948786 [[1.2230425180809539]] [[0.283]] [[9]]
0 202253 0 10000 332253 2.6994937087460986 6.960007134000989 [[1.6583178468294406]] [[0.307]] [[5]]
0 211061 0 10000 341061 2.938118187334225 6.480064973000481 [[2.1737195711742943]] [[0.331]] [[3]]
0 205723 0 10000 335723 2.800157076097795 7.175724868000543 [[1.1808331120574045]] [[0.283]] [[10]]
0 122439 0 10000 252439 2.6994937087460986 6.627284942000188 [[1.6583178468294408]] [[0.307]] [[5]]
0 109197 0 10000 239197 2.6994937087460986 7.17199477000031 [[1.6583178468294408]] [[0.307]] [[5]]
0 160842 0 10000 290842 2.909619184984757 6.37954801900014 [[0.8972868428923807]] [[0.263]] [[17]]
0 86451 0 10000 216451 2.6994937087460986 7.874475470000107 [[1.6583178468294408]] [[0.307]] [[5]]
0 60074 0 35 60529 2.6585624918123236 0.04581235000114248 [[1.2230425399813056]] [[0.283]] [[9]]
0 120996 0 10000 250996 2.6994937087460986 6.748107230001551 [[1.6583178468294408]] [[0.307]] [[5]]
0 90457 0 10000 220457 2.859301015529199 6.713798931999918 [[0.915603855043749]] [[0.263]] [[16]]
0 122881 0 10000 252881 2.6994937087460986 7.589645101999849 [[1.6583178468294408]] [[0.307]] [[5]]
0 93274 0 10000 223274 2.6994937087460986 6.602407181999297 [[1.6583178468294406]] [[0.307]] [[5]]
0 73429 0 10000 203429 3.2033490374277944 7.109971098001552 [[1.974955297911529]] [[0.331]] [[4]]
0 104414 0 36 104882 2.658561162920158 0.029519955000068876 [[1.2230419286390275]] [[0.283]] [[9]]
0 268228 0 104 269580 2.658560550519985 0.08550951299912413 [[1.2230416469110392]] [[0.283]] [[9]]
0 103282 0 84 104374 2.6585618087348926 0.07223362900003849 [[1.223042225739019]] [[0.283]] [[9]]
0 113718 0 10000 243718 2.6994937087460986 6.484787009998399 [[1.6583178468294406]] [[0.307]] [[5]]
0 67917 0 10000 197917 2.6994937087460986 7.161318023998319 [[1.6583178468294408]] [[0.307]] [[5]]
0 64968 0 26 65306 2.65856152901686 0.022253844999795547 [[1.2230420970578035]] [[0.283]] [[9]]
0 123715 0 10000 253715 2.859301015529199 6.473875140000018 [[0.915603855043749]] [[0.263]] [[16]]
0 125561 0 2873 162910 2.6585601555615868 2.0216818320004677 [[1.2230414652147563]] [[0.283]] [[9]]
0 84565 0 38 85059 2.6585610975232927 0.030746034999538097 [[1.2230418985539164]] [[0.283]] [[9]]
0 108658 0 10000 238658 3.2070910480055526 7.150263044000894 [[1.0819505334737378]] [[0.283]] [[13]]
0 173430 0 37 173911 2.6585620142689197 0.033758834999389364 [[1.2230423202926959]] [[0.283]] [[9]]
0 100680 0 10000 230680 2.6994937087460986 6.544946227000764 [[1.6583178468294406]] [[0.307]] [[5]]
0 113408 0 10000 243408 2.6994937087460986 7.228313221001372 [[1.6583178468294408]] [[0.307]] [[5]]
0 188304 0 10000 318304 2.909619184984757 6.540853438998965 [[0.8972868428923807]] [[0.263]] [[17]]
0 128751 0 10000 258751 2.6994937087460986 7.006195842001034 [[1.6583178468294408]] [[0.307]] [[5]]
0 162137 0 10000 292137 2.9032238167631403 6.325990362000084 [[1.5605368412029144]] [[0.307]] [[6]]
0 121155 0 10000 251155 2.909619184984757 7.285685484001078 [[0.8972868428923808]] [[0.263]] [[17]]

