222 51468 3960 102948 2.65856026693569 3.0441024370002197 [[1.223041516451192]] [[0.283]] [[9]]
11 55093 277 58694 2.6585599777311186 0.21633684700009326 [[1.2230413834057983]] [[0.283]] [[9]]
12 58294 245 61479 2.658561505901769 0.18837230700046348 [[1.2230420864239593]] [[0.283]] [[9]]
11 61220 224 64132 2.6585594926367864 0.16824071099927096 [[1.2230411602434665]] [[0.283]] [[9]]
29 68967 595 76702 2.6585626252442554 0.4066788549998819 [[1.2230426013652034]] [[0.283]] [[9]]
13 72164 245 75349 2.658560391225638 0.17334572199979448 [[1.2230415736294207]] [[0.283]] [[9]]
3 73402 94 74624 2.6585606878622916 0.07111905600049795 [[1.2230417100938622]] [[0.283]] [[9]]
25 80656 557 87897 2.65856052470436 0.43213862599986896 [[1.2230416350348439]] [[0.283]] [[9]]
15 86185 424 91697 2.6585618559060062 0.2937841749999279 [[1.2230422474395728]] [[0.283]] [[9]]
1 87086 69 87983 2.6585607897588837 0.045230796999931044 [[1.2230417569702727]] [[0.283]] [[9]]
157 120257 2550 153407 2.658559169456041 1.841565850000734 [[1.2230410115677066]] [[0.283]] [[9]]
90 141924 1667 163595 2.658560363730977 1.1216168849996393 [[1.223041560980803]] [[0.283]] [[9]]
421 247673 8132 353389 2.658562512657808 5.463182617000712 [[1.2230425495710422]] [[0.283]] [[9]]
175 287651 3074 327613 2.658560952757648 2.060450151000623 [[1.2230418319560679]] [[0.283]] [[9]]
31 294581 533 301510 2.658559265036055 0.38815969500046776 [[1.2230410555379188]] [[0.283]] [[9]]
2 295208 48 295832 2.6585624214161157 0.03018882400010625 [[1.2230425075963016]] [[0.283]] [[9]]
87 316159 1609 337076 2.6585600985525573 1.074880941999254 [[1.223041438988377]] [[0.283]] [[9]]
19 320783 355 325398 2.6585613347594914 0.23704717500004335 [[1.2230420076918298]] [[0.283]] [[9]]
2 322206 110 323636 2.658560302056635 0.07355687500057684 [[1.2230415326081978]] [[0.283]] [[9]]
118 352404 2320 382564 2.6585596535881013 1.640049794999868 [[1.2230412342873551]] [[0.283]] [[9]]
71 370646 1403 388885 2.658560352888505 0.9224714090005364 [[1.2230415559928427]] [[0.283]] [[9]]
49 382963 946 395261 2.658562367365505 0.7189109860000826 [[1.2230424827309103]] [[0.283]] [[9]]
6 385693 209 388410 2.65856023131055 0.20031533500059595 [[1.2230415000622366]] [[0.283]] [[9]]
3 387018 102 388344 2.658560444246041 0.11333712800023932 [[1.2230415980208758]] [[0.283]] [[9]]
28 394097 543 401156 2.6585595213621875 0.7612191810003424 [[1.2230411734582727]] [[0.283]] [[9]]
84 415297 1630 436487 2.6585612110972496 1.4811535010003354 [[1.2230419508023707]] [[0.283]] [[9]]
34 423945 664 432577 2.6585598599417155 0.4776388800000859 [[1.2230413292180742]] [[0.283]] [[9]]
43 436166 939 448373 2.65856222492544 0.6081473419999384 [[1.2230424172029193]] [[0.283]] [[9]]
8 438790 201 441403 2.6585626396204525 0.12906577100056893 [[1.2230426079788153]] [[0.283]] [[9]]
48 451049 943 463308 2.6585617205544616 0.605511901000682 [[1.2230421851725781]] [[0.283]] [[9]]
72 470146 1467 489217 2.6585615500583315 0.9195684520000214 [[1.2230421067377018]] [[0.283]] [[9]]
35 478240 622 486326 2.658560084760066 0.39034890299990366 [[1.2230414326432926]] [[0.283]] [[9]]
28 485091 525 491916 2.658560098745245 0.34070105499995407 [[1.2230414390770208]] [[0.283]] [[9]]
1 485723 48 486347 2.658560108897309 0.03244115100005729 [[1.2230414437473667]] [[0.283]] [[9]]
20 490350 355 494965 2.658560314725754 0.23218823600018368 [[1.2230415384364872]] [[0.283]] [[9]]
7 491550 92 492746 2.658561574854154 0.06343142400055513 [[1.2230421181447482]] [[0.283]] [[9]]
15 494692 240 497812 2.6585611944755847 0.152042096000514 [[1.2230419431557558]] [[0.283]] [[9]]
78 514349 1511 533992 2.658562578423347 0.9623509560005914 [[1.2230425798257576]] [[0.283]] [[9]]
106 539882 1963 565401 2.658561071856432 1.2261694369999532 [[1.2230418867461585]] [[0.283]] [[9]]
32 547801 608 555705 2.658561410222337 0.38416671399954794 [[1.223042042407685]] [[0.283]] [[9]]
8 549591 137 551372 2.65856007091376 0.13709142799962137 [[1.223041426273451]] [[0.283]] [[9]]
33 558642 695 567677 2.6585597926331825 0.43864417799977673 [[1.2230412982535213]] [[0.283]] [[9]]
1 559121 36 559589 2.6585605664798804 0.02262781300032657 [[1.223041654253214]] [[0.283]] [[9]]
9 560895 135 562650 2.658559407014372 0.08471551700040436 [[1.2230411208538132]] [[0.283]] [[9]]
159 597315 2801 633728 2.6585605044650045 1.7960915520006893 [[1.22304162572395]] [[0.283]] [[9]]
11 599743 187 602174 2.6585595349929063 0.12633055500009505 [[1.2230411797289356]] [[0.283]] [[9]]
27 608206 649 616643 2.658562145628877 0.42240285699972446 [[1.2230423807234045]] [[0.283]] [[9]]
92 629413 1630 650603 2.658562162394482 1.0614886729999853 [[1.2230423884362376]] [[0.283]] [[9]]
75 650045 1587 670676 2.658560730720002 1.0060987950000708 [[1.2230417298100822]] [[0.283]] [[9]]
6 652266 169 654463 2.658561481674591 0.10457063200010452 [[1.2230420752785116]] [[0.283]] [[9]]

