0 0 0 10000 130000 2.859301015529199 6.406190449999485 [[0.915603855043749]] [[0.263]] [[16]]
0 0 0 10000 130000 3.9597811512784946 6.242709867001395 [[2.449312983194384]] [[0.362]] [[3]]
0 0 0 36 468 2.6585622241935596 0.02562806400055706 [[1.223042416866226]] [[0.283]] [[9]]
0 0 0 10000 130000 2.938118187334225 6.439388590000817 [[2.1737195711742943]] [[0.331]] [[3]]
0 0 0 10000 130000 2.800157076097795 6.374353748999056 [[1.1808331120574045]] [[0.283]] [[10]]
0 0 0 10000 130000 2.800157076097795 6.320710628000597 [[1.1808331120574043]] [[0.283]] [[10]]
0 0 0 42 546 2.658562547623472 0.02853747500012105 [[1.2230425656566126]] [[0.283]] [[9]]
0 0 0 10000 130000 3.9597811512784946 6.432439764999799 [[2.449312983194384]] [[0.362]] [[3]]
0 0 0 10000 130000 2.6994937087460986 6.350243363000118 [[1.6583178468294406]] [[0.307]] [[5]]
0 0 0 37 481 2.6585626530519972 0.026853903000301216 [[1.2230426141575246]] [[0.283]] [[9]]
0 0 0 10000 130000 2.9032238167631403 6.296363725001356 [[1.5605368412029144]] [[0.307]] [[6]]
0 0 0 10000 130000 2.859301015529199 6.846918273999108 [[0.915603855043749]] [[0.263]] [[16]]
0 0 0 46 598 2.658559395768428 0.03229614600058994 [[1.22304111568024]] [[0.283]] [[9]]
0 0 0 34 442 2.6585605545567668 0.023353059999863035 [[1.2230416487681164]] [[0.283]] [[9]]
0 0 0 92 1196 2.6585607639878264 0.06488555299984 [[1.2230417451145803]] [[0.283]] [[9]]
0 0 0 10000 130000 3.6262543050101783 6.369491116000063 [[2.8037634563334013]] [[0.362]] [[2]]
0 0 0 10000 130000 2.938118187334225 7.543976074000966 [[2.1737195711742943]] [[0.331]] [[3]]
0 0 0 10000 130000 3.2033490374277944 6.530578530000639 [[1.9749552979115288]] [[0.331]] [[4]]
0 0 0 10000 130000 2.9032238167631403 7.036849485000857 [[1.5605368412029144]] [[0.307]] [[6]]
0 0 0 38 494 2.6585618598959053 0.02562028700049268 [[1.2230422492750823]] [[0.283]] [[9]]
0 0 0 10000 130000 2.938118187334225 6.676456785000482 [[2.1737195711742943]] [[0.331]] [[3]]
0 0 0 10000 130000 3.2033490374277944 7.450567186999251 [[1.9749552979115288]] [[0.331]] [[4]]
0 0 0 10000 130000 2.9032238167631403 6.376226461999977 [[1.5605368412029144]] [[0.307]] [[6]]
0 0 0 10000 130000 3.004955316404671 7.204559470999811 [[0.8803528443391023]] [[0.263]] [[18]]
0 0 0 46 598 2.658561710389132 0.03648262799833901 [[1.2230421804961296]] [[0.283]] [[9]]
0 0 0 10000 130000 2.938118187334225 6.259225986001184 [[2.1737195711742943]] [[0.331]] [[3]]
0 0 0 10000 130000 3.6262543050101783 6.102219264001178 [[2.8037634563334013]] [[0.362]] [[2]]
0 0 0 60 780 2.6585620904253027 0.048590854999929434 [[1.2230423553276053]] [[0.283]] [[9]]
0 0 0 10000 130000 2.6994937087460986 7.04169943800116 [[1.6583178468294408]] [[0.307]] [[5]]
0 0 0 10000 130000 2.6994937087460986 6.330528982000033 [[1.6583178468294406]] [[0.307]] [[5]]
0 0 0 10000 130000 2.859301015529199 7.054861767999682 [[0.915603855043749]] [[0.263]] [[16]]
0 0 0 10000 130000 2.6994937087460986 6.276853907000259 [[1.6583178468294408]] [[0.307]] [[5]]
0 0 0 10000 130000 2.9032238167631403 7.091381784999612 [[1.5605368412029144]] [[0.307]] [[6]]
0 0 0 10000 130000 2.800157076097795 6.339553653999246 [[1.1808331120574045]] [[0.283]] [[10]]
0 0 0 10000 130000 2.6994937087460986 6.780679626999699 [[1.6583178468294408]] [[0.307]] [[5]]
0 0 0 10000 130000 2.859301015529199 6.257836734999728 [[0.915603855043749]] [[0.263]] [[16]]
0 0 0 31 403 2.6585604956729894 0.020128999000007752 [[1.2230416216792799]] [[0.283]] [[9]]
0 0 0 10000 130000 2.938118187334225 6.204411305001486 [[2.1737195711742943]] [[0.331]] [[3]]
0 0 0 10000 130000 2.938118187334225 6.877757411000857 [[2.1737195711742943]] [[0.331]] [[3]]
0 0 0 10000 130000 3.0988480795920665 6.2596251820014 [[0.8646288844012933]] [[0.263]] [[19]]
0 0 0 10000 130000 3.1709918081840422 6.970941681000113 [[1.3299107896122786]] [[0.283]] [[7]]
0 0 0 10000 130000 2.859301015529199 6.5909280000014405 [[0.915603855043749]] [[0.263]] [[16]]
0 0 0 10000 130000 2.9032238167631403 7.102879629999734 [[1.5605368412029144]] [[0.307]] [[6]]
0 0 0 10000 130000 2.859301015529199 6.35463301100026 [[0.915603855043749]] [[0.263]] [[16]]
0 0 0 10000 130000 3.2971923644006407 7.030552117999832 [[1.4178418150115173]] [[0.307]] [[8]]
0 0 0 10000 130000 2.800157076097795 6.5356430699994235 [[1.1808331120574045]] [[0.283]] [[10]]
0 0 0 10000 130000 2.6994937087460986 6.536730022000484 [[1.6583178468294408]] [[0.307]] [[5]]
0 0 0 61 793 2.658559867541344 0.04235365400018054 [[1.2230413327141998]] [[0.283]] [[9]]
0 0 0 10000 130000 2.909619184984757 8.110602130998814 [[0.8972868428923808]] [[0.263]] [[17]]
0 0 0 10000 130000 2.6994937087460986 6.656173880999631 [[1.6583178468294406]] [[0.307]] [[5]]

