0 0 0 10000 130000 3.9597811512784946 5.000264319998678 [[2.449312983194384]] [[0.362]] [[3]]
0 0 0 10000 130000 3.2033490374277944 4.884881156998745 [[1.9749552979115288]] [[0.331]] [[4]]
0 0 0 10000 130000 2.6994937087460986 4.867812653999863 [[1.6583178468294408]] [[0.307]] [[5]]
0 0 0 10000 130000 2.9032238167631403 4.938074629000766 [[1.5605368412029144]] [[0.307]] [[6]]
0 0 0 41 533 2.65856220662694 0.022729213997081388 [[1.223042408784895]] [[0.283]] [[9]]
0 0 0 49 637 2.658561652260225 0.027150058002007427 [[1.2230421537545628]] [[0.283]] [[9]]
0 0 0 70 910 2.6585616299569423 0.03773647699927096 [[1.223042143494182]] [[0.283]] [[9]]
0 0 0 10000 130000 2.6994937087460986 4.874518954002269 [[1.6583178468294408]] [[0.307]] [[5]]
0 0 0 10000 130000 2.859301015529199 4.9511800189975474 [[0.915603855043749]] [[0.263]] [[16]]
0 0 0 10000 130000 2.6994937087460986 4.890102194000065 [[1.6583178468294408]] [[0.307]] [[5]]
0 0 0 10000 130000 2.859301015529199 4.915857805997803 [[0.915603855043749]] [[0.263]] [[16]]
0 0 0 59 767 2.6585623476547924 0.03257386300174403 [[1.223042473663213]] [[0.283]] [[9]]
0 0 0 10000 130000 3.6262543050101783 4.954838215999189 [[2.8037634563334013]] [[0.362]] [[2]]
0 0 0 10000 130000 2.909619184984757 4.961195142001088 [[0.8972868428923808]] [[0.263]] [[17]]
0 0 0 10000 130000 2.6994937087460986 4.966766452998854 [[1.6583178468294406]] [[0.307]] [[5]]
0 0 0 10000 130000 2.9032238167631403 4.93270037199909 [[1.5605368412029144]] [[0.307]] [[6]]
0 0 0 10000 130000 2.6994937087460986 4.911013715998706 [[1.6583178468294408]] [[0.307]] [[5]]
0 0 0 10000 130000 2.8387752837850337 4.934573537000688 [[1.272013909877389]] [[0.283]] [[8]]
0 0 0 10000 130000 2.909619184984757 4.968443001002015 [[0.8972868428923807]] [[0.263]] [[17]]
0 0 0 10000 130000 2.9386437398969405 4.954617051000241 [[1.1439076413240434]] [[0.283]] [[11]]
0 0 0 65 845 2.658562479675805 0.03718182100055856 [[1.2230425343980333]] [[0.283]] [[9]]
0 0 0 10000 130000 2.6994937087460986 4.9020041869989655 [[1.6583178468294406]] [[0.307]] [[5]]
0 0 0 10000 130000 2.938118187334225 4.896489573999133 [[2.1737195711742943]] [[0.331]] [[3]]
0 0 0 65 845 2.6585618104846316 0.035352372000488685 [[1.2230422265439673]] [[0.283]] [[9]]
0 0 0 10000 130000 2.859301015529199 4.986683549002919 [[0.915603855043749]] [[0.263]] [[16]]
0 0 0 10000 130000 2.938118187334225 4.938399714999832 [[2.1737195711742943]] [[0.331]] [[3]]
0 0 0 10000 130000 2.859301015529199 4.9949832649981545 [[0.915603855043749]] [[0.263]] [[16]]
0 0 0 10000 130000 2.9032238167631403 4.885385344001406 [[1.5605368412029144]] [[0.307]] [[6]]
0 0 0 10000 130000 2.938118187334225 4.9685934520020965 [[2.1737195711742943]] [[0.331]] [[3]]
0 0 0 47 611 2.658559731117407 0.026656621997972252 [[1.2230412699538626]] [[0.283]] [[9]]
0 0 0 10000 130000 2.859301015529199 4.964229536999483 [[0.915603855043749]] [[0.263]] [[16]]
0 0 0 10000 130000 2.909619184984757 4.896548911001446 [[0.8972868428923808]] [[0.263]] [[17]]
0 0 0 33 429 2.6585612924538666 0.01880519200130948 [[1.2230419882295906]] [[0.283]] [[9]]
0 0 0 10000 130000 2.800157076097795 4.919994806001341 [[1.1808331120574045]] [[0.283]] [[10]]
0 0 0 10000 130000 2.6994937087460986 4.921040266002819 [[1.6583178468294406]] [[0.307]] [[5]]
0 0 0 10000 130000 2.859301015529199 5.342080704998807 [[0.915603855043749]] [[0.263]] [[16]]
0 0 0 10000 130000 2.938118187334225 4.917547780998575 [[2.1737195711742943]] [[0.331]] [[3]]
0 0 0 10000 130000 3.004955316404671 4.8553966879990185 [[0.8803528443391024]] [[0.263]] [[18]]
0 0 0 10000 130000 2.9386437398969405 4.93195520199879 [[1.1439076413240434]] [[0.283]] [[11]]
0 0 0 10000 130000 2.9664865378366714 5.001031347001117 [[0.9355144939412324]] [[0.263]] [[15]]
0 0 0 10000 130000 2.909619184984757 4.91696909300299 [[0.8972868428923808]] [[0.263]] [[17]]
0 0 0 10000 130000 2.859301015529199 4.974595390001923 [[0.915603855043749]] [[0.263]] [[16]]
0 0 0 10000 130000 2.6994937087460986 4.9208886109991 [[1.6583178468294408]] [[0.307]] [[5]]
0 0 0 10000 130000 2.938118187334225 4.903744070001267 [[2.1737195711742943]] [[0.331]] [[3]]
0 0 0 49 637 2.6585602030602247 0.02709644900096464 [[1.223041487065984]] [[0.283]] [[9]]
0 0 0 10000 130000 3.2033490374277944 4.876662765000219 [[1.974955297911529]] [[0.331]] [[4]]
0 0 0 10000 130000 2.9032238167631403 4.855646051000804 [[1.5605368412029144]] [[0.307]] [[6]]
0 0 0 10000 130000 2.859301015529199 4.959381667998969 [[0.915603855043749]] [[0.263]] [[16]]
0 0 0 36 468 2.6585616168508555 0.020615317996998783 [[1.2230421374648706]] [[0.283]] [[9]]
0 0 0 71 923 2.6585619018522526 0.03796386099929805 [[1.22304226857664]] [[0.283]] [[9]]

