0 177677 1563 10000 309240 2.9032238167631403 6.723661269999866 [[1.5605368412029144]] [[0.307]] [[6]]
0 120710 872 16 121790 2.6585623526723636 0.050567489000968635 [[1.2230424759714917]] [[0.283]] [[9]]
0 119273 644 16 120125 2.6585608084091192 0.03709200199955376 [[1.2230417655501091]] [[0.283]] [[9]]
0 44372 43119 10000 217491 2.909619184984757 7.3061090409992175 [[0.8972868428923807]] [[0.263]] [[17]]
0 140501 4594 10000 275095 2.909619184984757 7.301955110999188 [[0.8972868428923808]] [[0.263]] [[17]]
0 107347 4353 10000 241700 3.2033490374277944 6.468524650999825 [[1.974955297911529]] [[0.331]] [[4]]
0 110547 3809 67 115227 2.6585616071888474 0.1287918809994153 [[1.2230421330199697]] [[0.283]] [[9]]
0 173608 920 10000 304528 3.6262543050101783 7.04116438499841 [[2.8037634563334013]] [[0.362]] [[2]]
0 190464 30919 10000 351383 3.2033490374277944 6.695898536998357 [[1.9749552979115288]] [[0.331]] [[4]]
0 119092 4917 10000 254009 2.909619184984757 7.010097697000674 [[0.8972868428923808]] [[0.263]] [[17]]
0 266894 26291 10000 423185 2.6994937087460986 6.7161029649996635 [[1.6583178468294406]] [[0.307]] [[5]]
0 225026 2719 10000 357745 2.6994937087460986 6.630856861000211 [[1.6583178468294408]] [[0.307]] [[5]]
0 221482 2118 10000 353600 2.938118187334225 6.273710651999863 [[2.1737195711742943]] [[0.331]] [[3]]
0 224754 1772 10000 356526 2.9032238167631403 6.816668301000391 [[1.5605368412029144]] [[0.307]] [[6]]
0 152043 3798 10000 285841 2.800157076097795 6.395715124999697 [[1.1808331120574045]] [[0.283]] [[10]]
0 174341 3722 10000 308063 2.6994937087460986 6.163261101000899 [[1.6583178468294408]] [[0.307]] [[5]]
0 44082 7777 10000 181859 2.800157076097795 6.640180236998276 [[1.1808331120574045]] [[0.283]] [[10]]
0 213481 6496 10000 349977 2.6994937087460986 6.101577446999727 [[1.6583178468294408]] [[0.307]] [[5]]
0 128454 1244 10000 259698 2.9032238167631403 7.33231207100107 [[1.5605368412029144]] [[0.307]] [[6]]
0 193894 6990 10000 330884 2.938118187334225 6.150031387000126 [[2.1737195711742943]] [[0.331]] [[3]]
0 150186 1892 24 152390 2.6585611557847493 0.06778105599914852 [[1.223041925356461]] [[0.283]] [[9]]
0 120819 2986 10000 253805 2.6994937087460986 7.018535781999162 [[1.6583178468294408]] [[0.307]] [[5]]
0 147256 2659 10000 279915 2.938118187334225 6.341529813998932 [[2.1737195711742943]] [[0.331]] [[3]]
0 172109 4374 10000 306483 2.800157076097795 7.11663624600078 [[1.1808331120574045]] [[0.283]] [[10]]
0 190307 3361 128 195332 2.6585618342308575 0.1665569359993242 [[1.2230422374681582]] [[0.283]] [[9]]
0 61945 1011 14 63138 2.658561477018128 0.036405902001206414 [[1.2230420731363565]] [[0.283]] [[9]]
0 65970 2407 10000 198377 2.800157076097795 6.223254915001235 [[1.1808331120574045]] [[0.283]] [[10]]
0 144817 4525 10000 279342 2.800157076097795 6.8877674689993 [[1.1808331120574045]] [[0.283]] [[10]]
0 201182 14839 10000 346021 2.6994937087460986 6.669655932999376 [[1.6583178468294406]] [[0.307]] [[5]]
0 132972 29848 10000 292820 2.800157076097795 7.130705296000087 [[1.1808331120574043]] [[0.283]] [[10]]
0 250290 1987 34 252719 2.65856101275128 0.14478518400028406 [[1.223041859555481]] [[0.283]] [[9]]
0 122950 10897 10000 263847 3.2033490374277944 6.795231837000756 [[1.9749552979115288]] [[0.331]] [[4]]
0 229084 24637 10000 383721 2.6994937087460986 6.6272204800006875 [[1.6583178468294406]] [[0.307]] [[5]]
0 159076 5201 10000 294277 2.6994937087460986 7.088120353999329 [[1.6583178468294408]] [[0.307]] [[5]]
0 123127 5430 153 130546 2.6585614263913517 0.29424956399998337 [[1.223042049846063]] [[0.283]] [[9]]
0 168590 1992 10000 300582 2.938118187334225 6.277979597000012 [[2.1737195711742943]] [[0.331]] [[3]]
0 148166 1612 10000 279778 2.9032238167631403 6.763337610000235 [[1.5605368412029144]] [[0.307]] [[6]]
0 159917 5219 10000 295136 2.6994937087460986 6.295998903999134 [[1.6583178468294408]] [[0.307]] [[5]]
0 117107 1698 10000 248805 2.938118187334225 7.01297343799888 [[2.1737195711742943]] [[0.331]] [[3]]
0 78668 8969 10000 217637 2.6994937087460986 6.648702944999968 [[1.6583178468294406]] [[0.307]] [[5]]
0 167262 39899 10000 337161 2.6994937087460986 8.148303618998398 [[1.6583178468294406]] [[0.307]] [[5]]
0 127459 3570 10000 261029 2.800157076097795 6.426999360999616 [[1.1808331120574045]] [[0.283]] [[10]]
0 141168 2274 10000 273442 3.0988480795920665 6.750069634001193 [[0.8646288844012933]] [[0.263]] [[19]]
0 239094 1619 10000 370713 2.9032238167631403 6.099425312000676 [[1.5605368412029144]] [[0.307]] [[6]]
0 97620 3480 10000 231100 2.800157076097795 6.099213643999974 [[1.1808331120574045]] [[0.283]] [[10]]
0 120505 1983 10000 252488 2.938118187334225 6.76540521700008 [[2.1737195711742943]] [[0.331]] [[3]]
0 77780 28531 10000 236311 2.800157076097795 6.9342662609997205 [[1.1808331120574043]] [[0.283]] [[10]]
0 235138 24347 10000 389485 2.6994937087460986 7.39164024800084 [[1.6583178468294406]] [[0.307]] [[5]]
0 175293 1964 10000 307257 2.938118187334225 6.410078003000308 [[2.1737195711742943]] [[0.331]] [[3]]
0 218632 2289 68 221805 2.6585613222553555 0.1068615519998275 [[1.223042001939439]] [[0.283]] [[9]]

