15 81929 308 85933 2.6585613394704244 0.5389931729996533 [[1.2230420098590429]] [[0.283]] [[9]]
10 133132 162 135238 2.6585596369064044 0.24836804900041898 [[1.2230412266131234]] [[0.283]] [[9]]
16 230401 343 234860 2.658561243838518 0.5482154289993559 [[1.2230419658646323]] [[0.283]] [[9]]
0 239083 29 239460 2.65856146631257 0.048495050000383344 [[1.223042068211382]] [[0.283]] [[9]]
22 374499 469 380596 2.6585610367069514 0.6897475840005427 [[1.223041870576025]] [[0.283]] [[9]]
3 399225 104 400577 2.658559900922518 0.13655802300036157 [[1.223041348070843]] [[0.283]] [[9]]
2 416437 52 417113 2.6585615537620533 0.09819219899964082 [[1.2230421084415584]] [[0.283]] [[9]]
35 604913 643 613272 2.6585623915240095 0.999455002999639 [[1.2230424938447657]] [[0.283]] [[9]]
2 621921 68 622805 2.6585622026580937 0.09369372800028941 [[1.2230424069590708]] [[0.283]] [[9]]
19 738993 474 745155 2.6585619364413278 0.6550901489999887 [[1.223042284488965]] [[0.283]] [[9]]
35 898411 450 904261 2.6585591903604873 0.7490610039994863 [[1.223041021184568]] [[0.283]] [[9]]
3 924175 71 925098 2.6585605355059037 0.11882053600038489 [[1.2230416400039754]] [[0.283]] [[9]]
8 968257 139 970064 2.6585608088670933 0.258666704999996 [[1.223041765760795]] [[0.283]] [[9]]
0 976163 21 976436 2.6585598876961227 0.045042271000056644 [[1.223041341986185]] [[0.283]] [[9]]
4 999544 75 1000519 2.6585620666626575 0.11420579700006783 [[1.2230423443958607]] [[0.283]] [[9]]
5 1025892 83 1026971 2.658560140450684 0.14050827899973228 [[1.223041458263151]] [[0.283]] [[9]]
11 1088304 262 1091710 2.6585614535129176 0.3810526799998115 [[1.2230420623230422]] [[0.283]] [[9]]
2 1105001 50 1105651 2.6585623294730523 0.09059364099994127 [[1.2230424652989027]] [[0.283]] [[9]]
30 1256888 546 1263986 2.6585598082963218 0.7687632220004161 [[1.2230413054591767]] [[0.283]] [[9]]
14 1338884 242 1342030 2.6585615081369474 0.39442099799998687 [[1.2230420874522285]] [[0.283]] [[9]]
8 1394048 228 1397012 2.6585615490156096 0.35578087199974107 [[1.223042106258009]] [[0.283]] [[9]]
5 1427699 137 1429480 2.658562219918828 0.19028402300045855 [[1.2230424148996824]] [[0.283]] [[9]]
16 1523601 413 1528970 2.6585596826737334 0.6212375989998691 [[1.2230412476678816]] [[0.283]] [[9]]
0 1531777 25 1532102 2.6585623614619434 0.049223179000364325 [[1.2230424800150415]] [[0.283]] [[9]]
9 1585547 177 1587848 2.65855961468362 0.28340380400004506 [[1.2230412163897748]] [[0.283]] [[9]]
11 1642316 143 1644175 2.6585593185750045 0.26507295399915165 [[1.2230410801682514]] [[0.283]] [[9]]
8 1685155 130 1686845 2.6585606643538755 0.2078816099992764 [[1.223041699279073]] [[0.283]] [[9]]
0 1691592 26 1691930 2.658561307637694 0.052916075000212004 [[1.2230419952147442]] [[0.283]] [[9]]
3 1711511 61 1712304 2.6585593271801002 0.10628571200049919 [[1.2230410841269315]] [[0.283]] [[9]]
38 1927729 714 1937011 2.6585591782445386 1.0100383310000325 [[1.2230410156107585]] [[0.283]] [[9]]
18 2041420 435 2047075 2.6585610388923575 0.620944602000236 [[1.223041871581397]] [[0.283]] [[9]]
4 2079107 195 2081642 2.658562021041527 0.2340265860002546 [[1.2230423234083594]] [[0.283]] [[9]]
1 2090344 42 2090890 2.658560043833209 0.07866619200012792 [[1.2230414138153405]] [[0.283]] [[9]]
10 2143344 172 2145580 2.658560878338532 0.2721026380004332 [[1.2230417977203694]] [[0.283]] [[9]]
12 2210774 200 2213374 2.6585605231536698 0.35440969100000075 [[1.2230416343214658]] [[0.283]] [[9]]
2 2228114 59 2228881 2.658560128292224 0.08920324199971219 [[1.2230414526697848]] [[0.283]] [[9]]
28 2366013 434 2371655 2.6585595379667706 0.6645206650000546 [[1.223041181097029]] [[0.283]] [[9]]
10 2437259 282 2440925 2.6585620002355506 0.3894691949999469 [[1.223042313836798]] [[0.283]] [[9]]
18 2536829 336 2541197 2.6585606089557285 0.5244881770004213 [[1.2230416737937626]] [[0.283]] [[9]]
14 2619333 280 2622973 2.6585616563084287 0.4248871890004011 [[1.2230421556168947]] [[0.283]] [[9]]
15 2708543 294 2712365 2.6585624472790084 0.4488907009999821 [[1.2230425194942418]] [[0.283]] [[9]]
1 2722818 62 2723624 2.658562375045772 0.06947719700019661 [[1.2230424862641331]] [[0.283]] [[9]]
4 2756596 141 2758429 2.6585602053139477 0.20203641100033565 [[1.2230414881027847]] [[0.283]] [[9]]
26 2907579 550 2914729 2.65856142264287 0.8313957899999878 [[1.223042048121615]] [[0.283]] [[9]]
16 2989803 314 2993885 2.6585594625919047 0.4649542229999497 [[1.223041146421648]] [[0.283]] [[9]]
8 3031322 102 3032648 2.6585624877084397 0.16198842999983754 [[1.2230425380933587]] [[0.283]] [[9]]
11 3089666 185 3092071 2.658560022755704 0.3207770179997169 [[1.2230414041188653]] [[0.283]] [[9]]
9 3148022 197 3150583 2.6585600243404777 0.29841119600041566 [[1.223041404847923]] [[0.283]] [[9]]
26 3274813 412 3280169 2.6585624537410117 0.667273476000446 [[1.2230425224670156]] [[0.283]] [[9]]
0 3282384 23 3282683 2.6585594399792 0.043435128000055556 [[1.223041136018921]] [[0.283]] [[9]]

