0 1327 10000 131327 2.6994937087460986 6.187719607999497 [[1.6583178468294408]] [[0.307]] [[5]]
0 131563 10000 261563 2.9032238167631403 7.321332112000164 [[1.5605368412029144]] [[0.307]] [[6]]
0 261568 10000 391568 2.800157076097795 5.585368641000059 [[1.1808331120574045]] [[0.283]] [[10]]
0 392064 10000 522064 2.6994937087460986 6.041273552999883 [[1.6583178468294408]] [[0.307]] [[5]]
0 520328 25 520653 2.658560240120298 0.021155529000679962 [[1.2230415041150648]] [[0.283]] [[9]]
0 522941 10000 652941 2.800157076097795 5.644890672000656 [[1.1808331120574043]] [[0.283]] [[10]]
0 651276 10000 781276 2.6994937087460986 5.588535885000056 [[1.6583178468294408]] [[0.307]] [[5]]
0 782041 10000 912041 3.9597811512784946 6.216306244000407 [[2.449312983194384]] [[0.362]] [[3]]
0 911939 10000 1041939 2.938118187334225 5.666434808999838 [[2.1737195711742943]] [[0.331]] [[3]]
0 1041506 10000 1171506 2.938118187334225 5.41558379900016 [[2.1737195711742943]] [[0.331]] [[3]]
0 1171719 10000 1301719 2.909619184984757 6.324834314999862 [[0.8972868428923808]] [[0.263]] [[17]]
0 1301835 10000 1431835 2.9386437398969405 5.651170883999839 [[1.1439076413240434]] [[0.283]] [[11]]
0 1431856 10000 1561856 2.938118187334225 6.238080271999934 [[2.1737195711742943]] [[0.331]] [[3]]
0 1561622 10000 1691622 2.6994937087460986 6.87080436100041 [[1.6583178468294408]] [[0.307]] [[5]]
0 1691622 10000 1821622 3.004955316404671 5.972924044000138 [[0.8803528443391023]] [[0.263]] [[18]]
0 1821447 10000 1951447 2.859301015529199 5.8102103490000445 [[0.915603855043749]] [[0.263]] [[16]]
0 1950848 39 1951355 2.6585606689164814 0.027385684000364563 [[1.2230417013780497]] [[0.283]] [[9]]
0 1951637 59 1952404 2.658559800454139 0.038440680999883625 [[1.2230413018514663]] [[0.283]] [[9]]
0 1953267 10000 2083267 3.9597811512784946 6.401619547000337 [[2.449312983194384]] [[0.362]] [[3]]
0 2083253 10000 2213253 2.859301015529199 5.5080996759998015 [[0.915603855043749]] [[0.263]] [[16]]
0 2212959 10000 2342959 2.6994937087460986 6.146973991999403 [[1.6583178468294408]] [[0.307]] [[5]]
0 2342023 30 2342413 2.658562192045227 0.021450951000588248 [[1.2230424020767379]] [[0.283]] [[9]]
0 2343121 10000 2473121 2.6994937087460986 5.941032517999702 [[1.6583178468294408]] [[0.307]] [[5]]
0 2473689 10000 2603689 2.859301015529199 5.701199771000574 [[0.915603855043749]] [[0.263]] [[16]]
0 2603325 10000 2733325 3.004955316404671 6.50475734200063 [[0.8803528443391023]] [[0.263]] [[18]]
0 2733512 10000 2863512 2.6994937087460986 6.365609896000024 [[1.6583178468294408]] [[0.307]] [[5]]
0 2862691 49 2863328 2.6585626418316606 0.03490308699929301 [[1.2230426089960575]] [[0.283]] [[9]]
0 2863314 47 2863925 2.6585620953754354 0.03285590500036051 [[1.2230423576048595]] [[0.283]] [[9]]
0 2865303 10000 2995303 2.859301015529199 5.543420201000117 [[0.915603855043749]] [[0.263]] [[16]]
0 2995048 10000 3125048 2.6994937087460986 6.062719927999751 [[1.6583178468294408]] [[0.307]] [[5]]
0 3124630 10000 3254630 2.938118187334225 5.59797617500044 [[2.1737195711742943]] [[0.331]] [[3]]
0 3254927 10000 3384927 2.6994937087460986 5.492163029999574 [[1.6583178468294406]] [[0.307]] [[5]]
0 3385003 10000 3515003 2.9032238167631403 6.141700497000784 [[1.5605368412029144]] [[0.307]] [[6]]
0 3515387 10000 3645387 2.859301015529199 6.06809119799982 [[0.915603855043749]] [[0.263]] [[16]]
0 3644471 10000 3774471 3.6262543050101783 6.8563038960000995 [[2.8037634563334013]] [[0.362]] [[2]]
0 3774450 10000 3904450 2.6994937087460986 6.126380038999741 [[1.6583178468294408]] [[0.307]] [[5]]
0 3904473 10000 4034473 2.6994937087460986 5.648961132000295 [[1.6583178468294406]] [[0.307]] [[5]]
0 4034410 10000 4164410 2.9032238167631403 6.216518895999798 [[1.5605368412029144]] [[0.307]] [[6]]
0 4165815 10000 4295815 2.909619184984757 5.560697283999616 [[0.8972868428923808]] [[0.263]] [[17]]
0 4294810 10000 4424810 2.800157076097795 6.447593183000208 [[1.1808331120574045]] [[0.283]] [[10]]
0 4424083 60 4424863 2.6585596592228082 0.035516418000042904 [[1.2230412368795405]] [[0.283]] [[9]]
0 4425116 78 4426130 2.658562492348383 0.04566674800025794 [[1.2230425402279135]] [[0.283]] [[9]]
0 4425739 47 4426350 2.658561270040484 0.02854457099965657 [[1.2230419779185597]] [[0.283]] [[9]]
0 4427011 10000 4557011 2.938118187334225 5.808694762999949 [[2.1737195711742943]] [[0.331]] [[3]]
0 4556940 10000 4686940 2.9032238167631403 5.932296418000078 [[1.5605368412029144]] [[0.307]] [[6]]
0 4687360 10000 4817360 2.859301015529199 6.399348975999601 [[0.915603855043749]] [[0.263]] [[16]]
0 4817293 10000 4947293 2.9032238167631403 5.597572900999694 [[1.5605368412029144]] [[0.307]] [[6]]
0 4947727 10000 5077727 2.6994937087460986 6.205500440999458 [[1.6583178468294408]] [[0.307]] [[5]]
0 5076995 10000 5206995 3.074223477656544 5.441256062999855 [[1.1112065025417261]] [[0.283]] [[12]]
0 5207347 10000 5337347 2.859301015529199 5.4468293069994616 [[0.915603855043749]] [[0.263]] [[16]]

