119 0 0 1958 25454 2.6585601308638105 1.574696182999105 [[1.2230414538528152]] [[0.283]] [[9]]
2 0 0 92 1196 2.6585611698294924 0.06670896200012066 [[1.2230419318175911]] [[0.283]] [[9]]
41 0 0 847 11011 2.658559612200593 0.603351523001038 [[1.2230412152474854]] [[0.283]] [[9]]
27 0 0 571 7423 2.6585620190098123 0.43476435400043556 [[1.2230423224736915]] [[0.283]] [[9]]
33 0 0 727 9451 2.658562259954828 0.5235404190007102 [[1.2230424333178056]] [[0.283]] [[9]]
3 0 0 93 1209 2.6585621201697367 0.06510508500105061 [[1.2230423690112062]] [[0.283]] [[9]]
43 0 0 886 11518 2.658561015140109 0.639148161999401 [[1.2230418606544355]] [[0.283]] [[9]]
85 0 0 1557 20241 2.6585613899202567 1.100011132999498 [[1.2230420330679355]] [[0.283]] [[9]]
28 0 0 498 6474 2.6585601267988466 0.3795803140001226 [[1.223041451982447]] [[0.283]] [[9]]
19 0 0 442 5746 2.6585606372801958 0.3311067949998687 [[1.2230416868241234]] [[0.283]] [[9]]
50 0 0 1204 15652 2.6585624052231456 0.9002870360000088 [[1.2230425001469032]] [[0.283]] [[9]]
58 0 0 1063 13819 2.6585596045921616 0.7677832579993265 [[1.2230412117469842]] [[0.283]] [[9]]
48 0 0 776 10088 2.658561258999359 0.5582581960006792 [[1.2230419728392112]] [[0.283]] [[9]]
20 0 0 362 4706 2.6585619841184585 0.26148111099973903 [[1.2230423064223064]] [[0.283]] [[9]]
187 0 0 3336 43368 2.6585625016184955 2.430055025000911 [[1.2230425444925275]] [[0.283]] [[9]]
35 0 0 590 7670 2.6585596531237674 0.43356526599927747 [[1.2230412340737435]] [[0.283]] [[9]]
31 0 0 636 8268 2.658561399777379 0.47549733399864635 [[1.2230420376025966]] [[0.283]] [[9]]
1 0 0 46 598 2.6585591682391168 0.03499750300034066 [[1.2230410110078735]] [[0.283]] [[9]]
39 0 0 724 9412 2.6585604930056617 0.5433020010004839 [[1.223041620452205]] [[0.283]] [[9]]
35 0 0 610 7930 2.658562068693532 0.4475793550009257 [[1.2230423453301424]] [[0.283]] [[9]]
73 0 0 1265 16445 2.658559665693171 0.9475149150002835 [[1.22304123985616]] [[0.283]] [[9]]
47 0 0 952 12376 2.65856131613551 0.6974985960005142 [[1.2230419991240713]] [[0.283]] [[9]]
7 0 0 110 1430 2.6585611660869164 0.08778537599937408 [[1.2230419300958602]] [[0.283]] [[9]]
3 0 0 66 858 2.658562191373017 0.047408914999323315 [[1.223042401767495]] [[0.283]] [[9]]
74 0 0 1317 17121 2.658560940321924 0.9931534950010246 [[1.2230418262351495]] [[0.283]] [[9]]
52 0 0 1083 14079 2.6585594690214784 0.8128510719998303 [[1.223041149379503]] [[0.283]] [[9]]
13 0 0 296 3848 2.6585617997148066 0.20908354600032908 [[1.2230422215894272]] [[0.283]] [[9]]
55 0 0 1151 14963 2.6585612973560453 0.8483220230009465 [[1.2230419904847845]] [[0.283]] [[9]]
9 0 0 149 1937 2.6585615044851765 0.10947244499948283 [[1.2230420857722712]] [[0.283]] [[9]]
21 0 0 384 4992 2.658561642740309 0.28473826800109237 [[1.22304214937503]] [[0.283]] [[9]]
52 0 0 951 12363 2.6585601638481107 0.6779127730005712 [[1.2230414690268807]] [[0.283]] [[9]]
1 0 0 80 1040 2.658562512014357 0.05264963099943998 [[1.2230425492750296]] [[0.283]] [[9]]
41 0 0 966 12558 2.6585623854181923 0.7364632319986413 [[1.2230424910358513]] [[0.283]] [[9]]
34 0 0 514 6682 2.6585594507383243 0.40108230499936326 [[1.2230411409685384]] [[0.283]] [[9]]
23 0 0 436 5668 2.658560243832316 0.3300201809997816 [[1.223041505822738]] [[0.283]] [[9]]
14 0 0 347 4511 2.6585603706506564 0.25609891500062076 [[1.2230415641641257]] [[0.283]] [[9]]
3 0 0 80 1040 2.6585606987682624 0.05917752699861012 [[1.2230417151110347]] [[0.283]] [[9]]
54 0 0 828 10764 2.6585624104836643 0.6203894259997469 [[1.2230425025669471]] [[0.283]] [[9]]
46 0 0 834 10842 2.6585596713466355 0.5968061819985451 [[1.2230412424569743]] [[0.283]] [[9]]
160 0 0 3187 41431 2.6585622662069386 2.2829252210012783 [[1.2230424361940204]] [[0.283]] [[9]]
56 0 0 982 12766 2.6585607943390395 0.7687088160000712 [[1.2230417590773233]] [[0.283]] [[9]]
78 0 0 1372 17836 2.6585623371089477 0.9731629919988336 [[1.2230424688117127]] [[0.283]] [[9]]
60 0 0 1165 15145 2.658559572585223 0.8401430510002683 [[1.223041197022869]] [[0.283]] [[9]]
26 0 0 548 7124 2.658560492100696 0.4012813419994927 [[1.2230416200358853]] [[0.283]] [[9]]
46 0 0 956 12428 2.6585622305136516 0.6747893709998607 [[1.223042419773715]] [[0.283]] [[9]]
0 0 0 31 403 2.6585619740222186 0.02139670700125862 [[1.223042301777642]] [[0.283]] [[9]]
3 0 0 127 1651 2.6585598683405136 0.09566364999955113 [[1.2230413330818493]] [[0.283]] [[9]]
41 0 0 709 9217 2.6585595924042575 0.5127829369994288 [[1.2230412061403984]] [[0.283]] [[9]]
62 0 0 1239 16107 2.6585611478182956 0.8866632279987243 [[1.2230419216915813]] [[0.283]] [[9]]
47 0 0 829 10777 2.658561186243713 0.6069183119998343 [[1.2230419393687735]] [[0.283]] [[9]]

