0 16757 10000 146757 2.6994937087460986 5.4005220489998464 [[1.6583178468294408]] [[0.307]] [[5]]
0 158180 10000 288180 2.909619184984757 5.8374855980000575 [[0.8972868428923808]] [[0.263]] [[17]]
0 302988 10000 432988 2.6994937087460986 5.7382881370003815 [[1.6583178468294406]] [[0.307]] [[5]]
0 466420 41 466953 2.6585607537609333 0.06824760700055776 [[1.2230417404098102]] [[0.283]] [[9]]
0 476924 10000 606924 2.909619184984757 5.911894570000186 [[0.8972868428923807]] [[0.263]] [[17]]
0 636275 10000 766275 2.9032238167631403 5.513111071999447 [[1.5605368412029144]] [[0.307]] [[6]]
0 774533 10000 904533 2.909619184984757 5.912237656999423 [[0.8972868428923807]] [[0.263]] [[17]]
0 951012 10000 1081012 2.800157076097795 5.704482911000014 [[1.1808331120574043]] [[0.283]] [[10]]
0 1118965 10000 1248965 2.6994937087460986 6.4132061749996865 [[1.6583178468294408]] [[0.307]] [[5]]
0 1257435 10000 1387435 2.6994937087460986 5.268722806999904 [[1.6583178468294408]] [[0.307]] [[5]]
0 1399014 10000 1529014 2.9032238167631403 5.713117018000048 [[1.5605368412029144]] [[0.307]] [[6]]
0 1672658 3092 1712854 2.6585618066640015 3.421110473000226 [[1.2230422247863284]] [[0.283]] [[9]]
0 1680787 10000 1810787 2.9032238167631403 6.288712720000149 [[1.5605368412029144]] [[0.307]] [[6]]
0 1819831 31 1820234 2.65856219565256 0.06122016600056668 [[1.2230424037362515]] [[0.283]] [[9]]
0 1841058 10000 1971058 2.909619184984757 6.788491217999763 [[0.8972868428923808]] [[0.263]] [[17]]
0 1977762 10000 2107762 2.909619184984757 6.0172403270007635 [[0.8972868428923807]] [[0.263]] [[17]]
0 2139300 10000 2269300 3.2033490374277944 6.216332695000347 [[1.974955297911529]] [[0.331]] [[4]]
0 2279719 10000 2409719 2.6994937087460986 5.446772174999751 [[1.6583178468294408]] [[0.307]] [[5]]
0 2416559 10000 2546559 2.800157076097795 6.200169362999986 [[1.1808331120574043]] [[0.283]] [[10]]
0 2599974 10000 2729974 2.800157076097795 5.640627689000212 [[1.1808331120574045]] [[0.283]] [[10]]
0 2737534 26 2737872 2.6585619623363743 0.04428435099998751 [[1.2230422964016974]] [[0.283]] [[9]]
0 2749100 69 2749997 2.6585621871780543 0.08275204800065694 [[1.2230423998376483]] [[0.283]] [[9]]
0 2758670 10000 2888670 2.909619184984757 6.203474189999724 [[0.8972868428923807]] [[0.263]] [[17]]
0 2942186 10000 3072186 2.6994937087460986 7.109583155999644 [[1.6583178468294406]] [[0.307]] [[5]]
0 3111552 25 3111877 2.658561076559067 0.03938000699963595 [[1.223041888909554]] [[0.283]] [[9]]
0 3124447 10000 3254447 2.6994937087460986 5.939977873000316 [[1.6583178468294408]] [[0.307]] [[5]]
0 3262497 39 3263004 2.658559632966721 0.07994172999951843 [[1.2230412248007152]] [[0.283]] [[9]]
0 3270132 10000 3400132 2.800157076097795 6.359705644999849 [[1.1808331120574045]] [[0.283]] [[10]]
0 3410633 10000 3540633 2.6994937087460986 6.264593267000237 [[1.6583178468294408]] [[0.307]] [[5]]
0 3548216 10000 3678216 2.938118187334225 6.023686898000051 [[2.1737195711742943]] [[0.331]] [[3]]
0 3688146 10000 3818146 2.9032238167631403 5.737811650999902 [[1.5605368412029144]] [[0.307]] [[6]]
0 3825144 31 3825547 2.6585626016606363 0.05581396300021879 [[1.223042590515818]] [[0.283]] [[9]]
0 3831434 10000 3961434 2.800157076097795 7.228215672999795 [[1.1808331120574043]] [[0.283]] [[10]]
0 4009358 17 4009579 2.6585618899675474 0.034721607000392396 [[1.2230422631092115]] [[0.283]] [[9]]
0 4018261 43 4018820 2.658559292606842 0.07211105099941051 [[1.2230410682218829]] [[0.283]] [[9]]
0 4028472 10000 4158472 2.909619184984757 5.979064400000425 [[0.8972868428923807]] [[0.263]] [[17]]
0 4189969 10000 4319969 2.938118187334225 6.575166306000028 [[2.1737195711742943]] [[0.331]] [[3]]
0 4341231 10000 4471231 2.9032238167631403 5.866929785999673 [[1.5605368412029144]] [[0.307]] [[6]]
0 4482402 10000 4612402 2.6994937087460986 5.3317301890001545 [[1.6583178468294408]] [[0.307]] [[5]]
0 4618656 29 4619033 2.6585615930856927 0.059668455999599246 [[1.2230421265319678]] [[0.283]] [[9]]
0 4636909 10000 4766909 2.6994937087460986 5.9673370390000855 [[1.6583178468294408]] [[0.307]] [[5]]
0 4778801 10000 4908801 2.938118187334225 5.284488131999751 [[2.1737195711742943]] [[0.331]] [[3]]
0 4911382 20 4911642 2.6585609469963107 0.0256716760004565 [[1.223041829305628]] [[0.283]] [[9]]
0 4920521 10000 5050521 2.800157076097795 6.70037329599927 [[1.1808331120574043]] [[0.283]] [[10]]
0 5102501 10000 5232501 2.6994937087460986 5.685701684000378 [[1.6583178468294406]] [[0.307]] [[5]]
0 5250637 10000 5380637 2.6994937087460986 5.306875799000409 [[1.6583178468294408]] [[0.307]] [[5]]
0 5399738 10000 5529738 2.6994937087460986 6.095656604999931 [[1.6583178468294408]] [[0.307]] [[5]]
0 5539713 82 5540779 2.658561420415896 0.10583608900014951 [[1.2230420470971202]] [[0.283]] [[9]]
0 5552879 10000 5682879 2.938118187334225 6.609861195999656 [[2.1737195711742943]] [[0.331]] [[3]]
0 5702219 10000 5832219 2.938118187334225 6.749934204000056 [[2.1737195711742943]] [[0.331]] [[3]]

