333 2370478 10000 2500478 0.0013960520438212483 7.685934625999835 [[2.3283892264407196]] [[0.009]] [[1]]
330 4745059 10000 4875059 0.00037872853480601214 7.831732466999711 [[0.6316579987765181]] [[0.009]] [[1]]
332 7174708 10000 7304708 0.0003597488678824908 8.049734368999452 [[0.6000029811990941]] [[0.009]] [[1]]
323 9501328 10000 9631328 0.003088280532114541 9.035305647999849 [[0.6420737861317233]] [[0.0118]] [[12]]
330 11872700 10000 12002700 0.0011710640453144827 8.36373223999999 [[0.6573606381841977]] [[0.0095]] [[6]]
344 14307424 10000 14437424 0.0004400762362712832 8.328412146000119 [[0.6587485895013335]] [[0.0095]] [[1]]
350 16802225 10000 16932225 1.1576179323421227 8.58365080600015 [[1.0705563029773328]] [[0.331]] [[2]]
342 19206956 10000 19336956 2.116723359904045 7.844357935000517 [[0.7830118975506393]] [[0.331]] [[8]]
328 21637198 10000 21767198 0.00040150903780181873 8.187805343999571 [[0.6010174840727818]] [[0.0095]] [[1]]
347 24055234 10000 24185234 0.0007599530467925537 7.972662762999789 [[0.6825426456609192]] [[0.0095]] [[3]]
331 26455979 10000 26585979 0.0012763769705161749 8.355386686000202 [[0.955302126881035]] [[0.0095]] [[4]]
342 28848174 10000 28978174 0.0003679706830850343 7.604808863000471 [[0.6137156404256007]] [[0.009]] [[1]]
352 31283637 10000 31413637 2.156101001361122 8.386164694999934 [[0.7793426438456454]] [[0.283]] [[12]]
325 33653154 10000 33783154 0.001505082042530958 7.31210961800025 [[0.7049588296415682]] [[0.0104]] [[6]]
348 36072985 10000 36202985 0.00035986650718703534 8.510040222000498 [[0.6001991845501939]] [[0.009]] [[1]]
335 38490015 10000 38620015 0.00046081305237918575 7.663663684000312 [[0.7685617103686865]] [[0.009]] [[1]]
331 40884697 10000 41014697 0.0016166220723047894 8.033755976000066 [[0.9997440299575819]] [[0.0128]] [[2]]
338 43342038 10000 43472038 0.00037438840414924523 7.615643703000387 [[0.6244193621459663]] [[0.009]] [[1]]
326 45723171 10000 45853171 1.1190924842988579 9.012218441999721 [[0.8641043675842446]] [[0.162]] [[18]]
322 48063842 10000 48193842 0.0010447138786919565 8.468195487999765 [[1.5638285762754824]] [[0.0095]] [[1]]
334 50493745 10000 50623745 0.00035978156261700625 8.011974129999544 [[0.60005751073325]] [[0.009]] [[1]]
311 52849312 10000 52979312 0.0007514452202502001 8.457763331999558 [[1.2532892042490125]] [[0.009]] [[1]]
338 55218674 10000 55348674 0.0005364525911776142 7.665743567999925 [[0.8030140204042844]] [[0.0095]] [[1]]
332 57596350 10000 57726350 0.5970234352265027 8.40921767600048 [[1.5780841364751081]] [[0.148]] [[5]]
341 60038243 10000 60168243 0.0012183922140749216 7.605713615000241 [[1.2192488026733794]] [[0.009]] [[3]]
336 62425268 10000 62555268 1.8266612458633573 8.789833776000705 [[1.5709830728768497]] [[0.307]] [[3]]
338 64833754 10000 64963754 0.00048001035992777254 8.644053056000303 [[0.7185258404944266]] [[0.0095]] [[1]]
327 67263255 10000 67393255 0.0008382458810839175 7.315997957999571 [[1.398058680736409]] [[0.009]] [[1]]
350 69691095 10000 69821095 1.80557613980935 7.3211287619997165 [[2.2842476699902177]] [[0.283]] [[2]]
321 72084789 10000 72214789 0.0016028985808887249 7.758849671999997 [[2.0050318700527052]] [[0.009]] [[2]]
326 74447970 10000 74577970 0.0003599127717372788 7.833950283999911 [[0.6002763463442902]] [[0.009]] [[1]]
349 76861912 10000 76991912 1.3802859500019673 7.246725641000012 [[1.7462099192034863]] [[0.283]] [[2]]
331 79222155 10000 79352155 0.004721901899570315 7.1717438449995825 [[0.6229540227961816]] [[0.032]] [[1]]
353 81705310 10000 81835310 1.114702446319093 7.328000074000556 [[1.784777817600948]] [[0.225]] [[3]]
358 84185263 10000 84315263 0.000359992906929962 7.346229244999449 [[0.6004099988969498]] [[0.009]] [[1]]
350 86641464 10000 86771464 0.00037598338210394764 7.317621070000314 [[0.6270795276480878]] [[0.009]] [[1]]
358 89147845 10000 89277845 0.000632700211829206 7.364824737000163 [[1.0552417177496791]] [[0.009]] [[1]]
341 91538410 10000 91668410 0.0008025269844840019 7.263040370999988 [[1.0023789937479675]] [[0.0104]] [[1]]
333 93963075 10000 94093075 1.1413236915626763 7.276895293000052 [[1.4438970064325043]] [[0.283]] [[2]]
319 96320876 10000 96450876 0.000528388293917331 7.200234198000544 [[0.8812662940322543]] [[0.009]] [[1]]
345 98753993 10000 98883993 0.1071467174553748 7.290156649999517 [[1.4658698671306656]] [[0.023]] [[54]]
324 101107687 10000 101237687 0.0003651635470452562 7.197828802000004 [[0.609033791105512]] [[0.009]] [[1]]
350 103580087 10000 103710087 1.497705503817719 7.317034542999863 [[1.1080533722361434]] [[0.331]] [[3]]
345 106036647 10000 106166647 0.0003597605497717723 7.3096746020000865 [[0.6000224647027843]] [[0.009]] [[1]]
352 108495067 10000 108625067 0.00035984085427417445 7.326720161000594 [[0.600156399636697]] [[0.009]] [[1]]
336 110934348 10000 111064348 0.00035984771517426524 7.324138820999906 [[0.6001678425094221]] [[0.009]] [[1]]
357 113437442 10000 113567442 2.262160999834726 7.3380808620004245 [[1.6736234980899314]] [[0.331]] [[3]]
329 115817627 10000 115947627 0.0003669518816245955 7.212090725000053 [[0.6120164442137783]] [[0.009]] [[1]]
332 118198348 10000 118328348 0.0025342113936301014 7.245146238999951 [[1.6257652425959652]] [[0.0095]] [[5]]
361 120656849 10000 120786849 0.00042580722456993773 7.334058168000411 [[0.7101776460392564]] [[0.009]] [[1]]

