12 1353308 10236 253 1366833 2.658560510557354 0.6264706340007251 [[1.2230416285266688]] [[0.283]] [[9]]
16 1289823 9241 229 1302041 2.658559985859688 0.44828982800027006 [[1.2230413871452575]] [[0.283]] [[9]]
13 1157878 9422 242 1170446 2.6585617964106754 0.49745234999863897 [[1.223042220069398]] [[0.283]] [[9]]
3 318279 2746 69 321922 2.658559651607949 0.12894673299888382 [[1.2230412333764078]] [[0.283]] [[9]]
4 459400 4615 116 465523 2.6585600852600257 0.22905683299904922 [[1.2230414328732935]] [[0.283]] [[9]]
13 1478715 9470 253 1491474 2.6585618134399325 0.47444978899875423 [[1.2230422279035211]] [[0.283]] [[9]]
7 822523 6434 151 830920 2.658562393428287 0.3502024640001764 [[1.2230424947208076]] [[0.283]] [[9]]
21 1976250 14316 394 1995688 2.658561144103202 0.8181247289994644 [[1.2230419199824933]] [[0.283]] [[9]]
1 186597 1291 46 188486 2.6585595312661403 0.06780792800054769 [[1.2230411780144776]] [[0.283]] [[9]]
17 1442210 11743 272 1457489 2.658561008100397 0.5841345009994257 [[1.2230418574158932]] [[0.283]] [[9]]
2 218935 2366 80 222341 2.6585600922434214 0.13059134600007383 [[1.223041436085928]] [[0.283]] [[9]]
2 227040 2036 39 229583 2.658559417968606 0.08889077300045756 [[1.2230411258931884]] [[0.283]] [[9]]
42 4032379 24232 734 4066153 2.6585613039883693 1.3440490909997607 [[1.2230419935359123]] [[0.283]] [[9]]
40 3647109 23942 673 3679800 2.658562214272634 1.1777275639997242 [[1.2230424123022128]] [[0.283]] [[9]]
52 5284934 36429 969 5333960 2.6585607263068183 1.9681042510001134 [[1.2230417277798453]] [[0.283]] [[9]]
5 527475 3617 111 532535 2.658560098833441 0.18056241699923703 [[1.2230414391175946]] [[0.283]] [[9]]
0 82103 798 16 83109 2.6585624064701254 0.038272677000350086 [[1.2230425007205625]] [[0.283]] [[9]]
24 2177108 16841 462 2199955 2.6585597319808563 0.8449955320011213 [[1.2230412703510831]] [[0.283]] [[9]]
30 2938427 25477 714 2973186 2.6585604574869492 1.2583385079997242 [[1.2230416041122105]] [[0.283]] [[9]]
30 3182961 22843 623 3213903 2.658559198310827 1.1136862349994772 [[1.2230410248420345]] [[0.283]] [[9]]
0 83055 1091 22 84432 2.6585616956845777 0.056357479999860516 [[1.2230421737314605]] [[0.283]] [[9]]
1 173604 1999 35 176058 2.6585601417169276 0.0924447199995484 [[1.2230414588456726]] [[0.283]] [[9]]
10 854645 7839 174 864746 2.658560501749269 0.37033277100090345 [[1.2230416244746056]] [[0.283]] [[9]]
22 2004559 13940 433 2024128 2.6585599207571278 0.7293402570012404 [[1.223041357195538]] [[0.283]] [[9]]
9 1169572 6906 201 1179091 2.6585619093234243 0.35095286999967357 [[1.2230422720136707]] [[0.283]] [[9]]
19 1812792 16021 390 1833883 2.6585598417689176 0.7261429070003942 [[1.2230413208578774]] [[0.283]] [[9]]
17 1883835 12706 375 1901416 2.658560914740883 0.6437484359994414 [[1.223041814466872]] [[0.283]] [[9]]
2 387781 2037 65 390663 2.6585623417382727 0.10714101200028381 [[1.223042470941383]] [[0.283]] [[9]]
1 160421 1346 35 162222 2.658560968394466 0.06319390600037877 [[1.2230418391496147]] [[0.283]] [[9]]
48 4873094 31214 904 4916060 2.6585615973947156 1.6201957480006968 [[1.2230421285142865]] [[0.283]] [[9]]
32 3016444 21764 598 3045982 2.658562583227331 1.4458972259999427 [[1.223042582035778]] [[0.283]] [[9]]
2 183352 2766 47 186729 2.658561328964101 0.24514869499944325 [[1.223042005025724]] [[0.283]] [[9]]
11 1065746 7003 253 1076038 2.6585612865969064 0.6777955340003246 [[1.2230419855351604]] [[0.283]] [[9]]
0 115569 1884 41 117986 2.6585625437417364 0.12347194999892963 [[1.2230425638708629]] [[0.283]] [[9]]
9 898657 7080 219 908584 2.6585615634453794 0.41396614000041154 [[1.2230421128962665]] [[0.283]] [[9]]
1 307253 2031 62 310090 2.658560246818993 0.1040731869998126 [[1.223041507196726]] [[0.283]] [[9]]
64 5780962 41344 1174 5837568 2.6585604877535856 2.0793958069989458 [[1.2230416180360448]] [[0.283]] [[9]]
6 798144 7190 181 807687 2.6585604275674672 0.3743798430004972 [[1.2230415903480807]] [[0.283]] [[9]]
0 169856 1309 26 171503 2.658560581780095 0.06944828199993935 [[1.2230416612919102]] [[0.283]] [[9]]
1 257163 1317 30 258870 2.658559655147445 0.06525334599973576 [[1.2230412350047142]] [[0.283]] [[9]]
4 529045 3816 97 534122 2.658561849797401 0.20904875599990191 [[1.2230422446293763]] [[0.283]] [[9]]
8 1156811 9637 253 1169737 2.658562119403157 0.5117091000010987 [[1.2230423686585494]] [[0.283]] [[9]]
5 545777 3564 129 551018 2.658562239134632 0.20135319500150217 [[1.2230424237397026]] [[0.283]] [[9]]
0 111580 1450 30 113420 2.6585616381847412 0.07865938499890035 [[1.2230421472792907]] [[0.283]] [[9]]
6 758788 5266 149 765991 2.658561254347781 0.2770894049990602 [[1.2230419706993036]] [[0.283]] [[9]]
15 1272696 9244 222 1284826 2.658560919671105 0.4694978869993065 [[1.2230418167349666]] [[0.283]] [[9]]
2 461482 2287 63 464588 2.6585596027888814 0.1132751740005915 [[1.2230412109177309]] [[0.283]] [[9]]
12 1209240 7905 245 1220330 2.6585610242039164 0.44248978500036174 [[1.2230418648241408]] [[0.283]] [[9]]
23 2425696 17615 512 2449967 2.658560092629559 0.8866945699992357 [[1.2230414362635664]] [[0.283]] [[9]]
11 1324569 9298 241 1337000 2.6585625166441056 0.4606719389994396 [[1.2230425514048946]] [[0.283]] [[9]]

