32 2706664 0 448 2712488 2.658561840193482 0.5719191790012701 [[1.2230422402111982]] [[0.283]] [[9]]
252 18737209 0 3549 18783346 2.6585603911582956 3.466578143999868 [[1.2230415735984403]] [[0.283]] [[9]]
82 6051446 0 1172 6066682 2.6585617112844684 1.1531529610001598 [[1.2230421809080192]] [[0.283]] [[9]]
56 4067866 0 1005 4080931 2.6585624185874965 0.9075416019986733 [[1.2230425062950263]] [[0.283]] [[9]]
77 5534796 0 1062 5548602 2.6585613218417534 1.038187267999092 [[1.223042001749166]] [[0.283]] [[9]]
41 3325776 0 627 3333927 2.658561242857493 0.6715041240004211 [[1.2230419654133227]] [[0.283]] [[9]]
115 8862090 0 1487 8881421 2.6585617170783573 1.7899207749997004 [[1.2230421835734344]] [[0.283]] [[9]]
11 740825 0 120 742385 2.6585622062101644 0.21284475999891583 [[1.223042408593162]] [[0.283]] [[9]]
82 6157673 0 1255 6173988 2.6585609299936315 1.761997577999864 [[1.2230418214837318]] [[0.283]] [[9]]
108 8020645 0 1704 8042797 2.6585603154583537 1.6808345000008558 [[1.2230415387735116]] [[0.283]] [[9]]
1 178385 0 47 178996 2.6585621440115443 0.04641984299996693 [[1.2230423799793686]] [[0.283]] [[9]]
134 10127682 0 1847 10151693 2.658561701612646 1.8627908310008934 [[1.2230421764586032]] [[0.283]] [[9]]
130 9746326 0 1761 9769219 2.658562435646212 1.9186930150008266 [[1.2230425141427013]] [[0.283]] [[9]]
236 17480707 0 3390 17524777 2.6585618681216223 3.3911538349984767 [[1.223042253059233]] [[0.283]] [[9]]
4 384827 0 84 385919 2.658560485979378 0.08011432800049079 [[1.2230416172198402]] [[0.283]] [[9]]
76 5889582 0 1139 5904389 2.6585611533241886 1.1588214170005813 [[1.223041924224507]] [[0.283]] [[9]]
9 760911 0 119 762458 2.6585621384678477 0.12176699500014365 [[1.2230423774290515]] [[0.283]] [[9]]
10 848553 0 182 850919 2.658560637411015 0.19109710500015353 [[1.2230416868843055]] [[0.283]] [[9]]
10 715226 0 196 717774 2.658561735355158 0.18413568799951463 [[1.223042191981476]] [[0.283]] [[9]]
4 386876 0 81 387929 2.6585594327994606 0.08873055200092494 [[1.2230411327159605]] [[0.283]] [[9]]
147 11565814 0 2224 11594726 2.658560364276294 2.2150419119989238 [[1.2230415612316703]] [[0.283]] [[9]]
86 6754041 0 1404 6772293 2.658559199858271 1.3640635500014469 [[1.2230410255539192]] [[0.283]] [[9]]
12 883213 0 192 885709 2.6585605232158858 0.17926529600117647 [[1.2230416343500876]] [[0.283]] [[9]]
75 5574939 0 1018 5588173 2.6585617968987245 1.0853255140009423 [[1.2230422202939197]] [[0.283]] [[9]]
271 21257378 0 3751 21306141 2.658561890797301 3.8105950159988424 [[1.2230422634909306]] [[0.283]] [[9]]
71 5489397 0 1074 5503359 2.6585615863208867 1.075827777000086 [[1.223042123419893]] [[0.283]] [[9]]
214 16263205 0 3236 16305273 2.658560016949179 3.209272565998617 [[1.2230414014476372]] [[0.283]] [[9]]
186 14043837 0 2682 14078703 2.658562059886146 2.617837685000268 [[1.2230423412784008]] [[0.283]] [[9]]
36 2623079 0 458 2629033 2.6585595611819564 0.4862873790007143 [[1.223041191776921]] [[0.283]] [[9]]
151 11563949 0 2207 11592640 2.658560486456995 2.182436785000391 [[1.2230416174395629]] [[0.283]] [[9]]
19 1526794 0 263 1530213 2.6585605497411975 0.28034385799946904 [[1.2230416465527665]] [[0.283]] [[9]]
9 837888 0 128 839552 2.6585623950562365 0.133195529000659 [[1.2230424954697279]] [[0.283]] [[9]]
99 7113318 0 1348 7130842 2.6585615717274114 1.3236880980002752 [[1.2230421167063246]] [[0.283]] [[9]]
485 35118114 0 6481 35202367 2.658561618179868 6.535187692001273 [[1.2230421380762682]] [[0.283]] [[9]]
134 9708518 0 1760 9731398 2.6585606804575086 1.7808406749991263 [[1.223041706687373]] [[0.283]] [[9]]
95 7250314 0 1224 7266226 2.6585620755596615 1.2587867279999045 [[1.2230423484888298]] [[0.283]] [[9]]
39 3179678 0 575 3187153 2.658559913653698 0.5560600509998039 [[1.223041353927683]] [[0.283]] [[9]]
24 1797973 0 391 1803056 2.6585617468989087 0.3645418519990926 [[1.2230421972920522]] [[0.283]] [[9]]
34 2662782 0 690 2671752 2.6585623832431535 0.6571417510003812 [[1.2230424900352486]] [[0.283]] [[9]]
35 2567300 0 572 2574736 2.658561283208247 0.5407327470002201 [[1.2230419839762448]] [[0.283]] [[9]]
9 820777 0 186 823195 2.658560885002553 0.1822960219997185 [[1.223041800786079]] [[0.283]] [[9]]
35 2543939 0 523 2550738 2.658561385511972 0.5280007460005436 [[1.2230420310399523]] [[0.283]] [[9]]
10 846218 0 174 848480 2.658559320826676 0.15968373199939379 [[1.2230410812041081]] [[0.283]] [[9]]
27 1933571 0 423 1939070 2.6585612600761164 0.4368043390004459 [[1.2230419733345617]] [[0.283]] [[9]]
29 2251213 0 506 2257791 2.658562018562702 0.48060235000048124 [[1.2230423222680034]] [[0.283]] [[9]]
86 6251524 0 1313 6268593 2.658559700658688 1.258434084998953 [[1.2230412559416628]] [[0.283]] [[9]]
50 3629519 0 671 3638242 2.6585622925873267 0.6820802040001581 [[1.2230424483300288]] [[0.283]] [[9]]
278 20508792 0 4200 20563392 2.658559223905701 4.083202726000309 [[1.2230410366166757]] [[0.283]] [[9]]
71 5295153 0 1103 5309492 2.658562274909513 1.0467511110000487 [[1.2230424401975444]] [[0.283]] [[9]]
16 1167792 0 262 1171198 2.6585616626529958 0.25025463400015724 [[1.2230421585356432]] [[0.283]] [[9]]

