0 102781 121348 10000 354129 2.9032238167631403 5.0247389750002185 [[1.5605368412029144]] [[0.307]] [[6]]
0 201703 159633 10000 491336 2.909619184984757 5.7901577619995805 [[0.8972868428923807]] [[0.263]] [[17]]
0 290505 128281 10000 548786 2.909619184984757 5.165508382000553 [[0.8972868428923808]] [[0.263]] [[17]]
0 173929 125186 10000 429115 2.800157076097795 5.11685699300142 [[1.1808331120574045]] [[0.283]] [[10]]
0 239446 120962 10000 490408 2.9032238167631403 5.015637696998965 [[1.5605368412029144]] [[0.307]] [[6]]
0 180684 121159 10000 431843 3.102540388995962 5.622635403999084 [[1.4823761855945654]] [[0.307]] [[7]]
0 229251 122645 10000 481896 2.6994937087460986 5.33556485599911 [[1.6583178468294408]] [[0.307]] [[5]]
0 89451 1626 28 91441 2.6585592358296264 0.04855619000045408 [[1.223041042102147]] [[0.283]] [[9]]
0 223146 126781 10000 479927 2.6994937087460986 5.200841517998924 [[1.6583178468294406]] [[0.307]] [[5]]
0 107165 123506 10000 360671 2.800157076097795 5.069328822000898 [[1.1808331120574045]] [[0.283]] [[10]]
0 161168 121637 10000 412805 2.6994937087460986 5.058952504999979 [[1.6583178468294408]] [[0.307]] [[5]]
0 151101 2652 35 154208 2.6585609908106655 0.065413455999078 [[1.2230418494619417]] [[0.283]] [[9]]
0 197375 120623 10000 447998 3.2033490374277944 5.678449196000656 [[1.9749552979115288]] [[0.331]] [[4]]
0 122990 2427 68 126301 2.658560170258443 0.07844916300018667 [[1.223041471975884]] [[0.283]] [[9]]
0 202305 3267 56 206300 2.658561998450427 0.09375961600017035 [[1.2230423130155714]] [[0.283]] [[9]]
0 123897 121442 10000 375339 2.9032238167631403 6.041524950998792 [[1.5605368412029144]] [[0.307]] [[6]]
0 82200 120756 10000 332956 2.9032238167631403 5.179080955000245 [[1.5605368412029144]] [[0.307]] [[6]]
0 87916 97650 3030 224956 2.658561619938207 2.9749163500000577 [[1.2230421388851729]] [[0.283]] [[9]]
0 176329 149528 10000 455857 2.6994937087460986 6.352248683000653 [[1.6583178468294406]] [[0.307]] [[5]]
0 101588 5542 273 110679 2.6585621352725957 0.21139006600060384 [[1.223042375959111]] [[0.283]] [[9]]
0 168708 121411 10000 420119 2.9032238167631403 5.280887933000486 [[1.5605368412029144]] [[0.307]] [[6]]
0 109123 1931 27 111405 2.6585623737652946 0.04855595499975607 [[1.2230424856750635]] [[0.283]] [[9]]
0 217761 121532 10000 469293 2.6994937087460986 5.231949421000536 [[1.6583178468294408]] [[0.307]] [[5]]
0 75807 120692 10000 326499 3.6262543050101783 5.463478505000239 [[2.8037634563334013]] [[0.362]] [[2]]
0 126631 129074 10000 385705 2.909619184984757 6.95777150899994 [[0.8972868428923808]] [[0.263]] [[17]]
0 149874 136357 10000 416231 2.909619184984757 7.0414863339992735 [[0.8972868428923807]] [[0.263]] [[17]]
0 304760 1934 43 307253 2.658561885747075 0.0990541730006953 [[1.2230422611676295]] [[0.283]] [[9]]
0 158088 122739 10000 410827 2.909619184984757 5.877040004001174 [[0.8972868428923808]] [[0.263]] [[17]]
0 161988 125311 10000 417299 2.909619184984757 5.767970988999878 [[0.8972868428923808]] [[0.263]] [[17]]
0 107596 120650 10000 358246 3.6262543050101783 5.7866411239992885 [[2.8037634563334013]] [[0.362]] [[2]]
0 103144 2298 40 105962 2.658562225144608 0.07433995099927415 [[1.2230424173037453]] [[0.283]] [[9]]
0 40279 896 7 41266 2.658561384420725 0.022395564999897033 [[1.2230420305379361]] [[0.283]] [[9]]
0 73793 762 19 74802 2.6585593732514705 0.02439020899873867 [[1.2230411053215604]] [[0.283]] [[9]]
0 122949 1364 19 124560 2.6585597877305953 0.035893398000553134 [[1.2230412959981396]] [[0.283]] [[9]]
0 179826 3985 63 184630 2.6585618419312733 0.1300641439993342 [[1.22304224101065]] [[0.283]] [[9]]
0 121278 124499 10000 375777 2.909619184984757 5.788208730999031 [[0.8972868428923808]] [[0.263]] [[17]]
0 132930 1215 21 134418 2.658559566959647 0.035708175999388914 [[1.2230411944348842]] [[0.283]] [[9]]
0 225348 2091 43 227998 2.658561195644767 0.06296361000022443 [[1.2230419436936255]] [[0.283]] [[9]]
0 124057 121114 10000 375171 2.6994937087460986 5.574532721999276 [[1.6583178468294408]] [[0.307]] [[5]]
0 65182 121607 10000 316789 2.6994937087460986 6.82472032700025 [[1.6583178468294408]] [[0.307]] [[5]]
0 94059 1168 19 95474 2.658561070752702 0.03747504300008586 [[1.2230418862383996]] [[0.283]] [[9]]
0 125709 2324 37 128514 2.6585611871160975 0.06137518300056399 [[1.2230419397701044]] [[0.283]] [[9]]
0 154858 121644 10000 406502 3.004955316404671 6.110174282001026 [[0.8803528443391024]] [[0.263]] [[18]]
0 181746 145562 10000 457308 2.909619184984757 7.285442807000436 [[0.8972868428923807]] [[0.263]] [[17]]
0 83982 125506 10000 339488 2.800157076097795 5.41940044400144 [[1.1808331120574045]] [[0.283]] [[10]]
0 115174 121152 10000 366326 2.938118187334225 5.227335587000198 [[2.1737195711742943]] [[0.331]] [[3]]
0 439007 139819 10000 708826 2.6994937087460986 5.909926411000924 [[1.6583178468294406]] [[0.307]] [[5]]
0 218314 139220 10000 487534 2.909619184984757 5.914779822000128 [[0.8972868428923807]] [[0.263]] [[17]]
0 120422 147325 10000 397747 2.909619184984757 6.096497405000264 [[0.8972868428923807]] [[0.263]] [[17]]
0 179784 121633 10000 431417 2.938118187334225 5.611128549999194 [[2.1737195711742943]] [[0.331]] [[3]]

