0 160815 1223 21 162311 2.658559575836936 0.08007181300035882 [[1.2230411985187837]] [[0.283]] [[9]]
0 149518 2863 10000 282381 3.004955316404671 6.190564949999498 [[0.8803528443391024]] [[0.263]] [[18]]
0 171022 1593 31 173018 2.658561010450931 0.0669271380002101 [[1.2230418584972305]] [[0.283]] [[9]]
0 264097 22617 10000 416714 2.909619184984757 6.7122099270000035 [[0.8972868428923807]] [[0.263]] [[17]]
0 191808 29632 10000 351440 2.909619184984757 7.033109800000602 [[0.8972868428923807]] [[0.263]] [[17]]
0 75063 174985 10000 380048 2.9181154210775238 11.419109522000326 [[2.814107797055752]] [[0.4375]] [[13]]
0 131329 1125 21 132727 2.6585610841836553 0.05942100999982358 [[1.2230418924171624]] [[0.283]] [[9]]
0 310699 20052 10000 460751 2.6994937087460986 6.850109459999658 [[1.6583178468294406]] [[0.307]] [[5]]
0 180249 980 10000 311229 3.2033490374277944 7.178191127999526 [[1.974955297911529]] [[0.331]] [[4]]
0 200815 4896 10000 335711 2.800157076097795 6.131306622000011 [[1.1808331120574045]] [[0.283]] [[10]]
0 210056 39031 10000 379087 2.909619184984757 7.784260798000105 [[0.8972868428923807]] [[0.263]] [[17]]
0 209373 4903 10000 344276 2.800157076097795 6.094856568000068 [[1.1808331120574045]] [[0.283]] [[10]]
0 155984 20331 10000 306315 2.6994937087460986 7.193627047000518 [[1.6583178468294406]] [[0.307]] [[5]]
0 217790 26847 10000 374637 2.909619184984757 6.779304947001037 [[0.8972868428923807]] [[0.263]] [[17]]
0 235196 978 10000 366174 2.9032238167631403 6.472361255999203 [[1.5605368412029144]] [[0.307]] [[6]]
0 133749 2828 10000 266577 2.909619184984757 5.942413687998851 [[0.8972868428923808]] [[0.263]] [[17]]
0 99949 31269 10000 261218 2.909619184984757 7.596799616998396 [[0.8972868428923807]] [[0.263]] [[17]]
0 139171 5370 10000 274541 3.2033490374277944 6.160091105999527 [[1.9749552979115288]] [[0.331]] [[4]]
0 263773 33009 10000 426782 2.909619184984757 7.475816093001413 [[0.8972868428923807]] [[0.263]] [[17]]
0 98237 991 16 99436 2.658560630893062 0.03927422999913688 [[1.2230416838857925]] [[0.283]] [[9]]
0 130469 1409 23 132177 2.6585622025911353 0.05287591600063024 [[1.2230424069282673]] [[0.283]] [[9]]
0 418710 3961 10000 552671 2.6994937087460986 6.130638790000376 [[1.6583178468294408]] [[0.307]] [[5]]
0 115672 10242 10000 255914 3.2033490374277944 7.248552345999997 [[1.9749552979115288]] [[0.331]] [[4]]
0 221803 11580 10000 363383 2.6994937087460986 6.660218981000071 [[1.6583178468294406]] [[0.307]] [[5]]
0 79071 923 10000 209994 3.2033490374277944 6.036881947000438 [[1.9749552979115288]] [[0.331]] [[4]]
0 169802 1008 10000 300810 2.9032238167631403 6.6903719379988615 [[1.5605368412029144]] [[0.307]] [[6]]
0 162837 1126 23 164262 2.6585622116601972 0.04797525700087135 [[1.22304241110039]] [[0.283]] [[9]]
0 126846 29093 10000 285939 2.909619184984757 6.600002203000258 [[0.8972868428923807]] [[0.263]] [[17]]
0 189601 1369 10000 320970 2.9032238167631403 6.649228578000475 [[1.5605368412029144]] [[0.307]] [[6]]
0 121499 18689 10000 270188 3.2033490374277944 6.647849291000966 [[1.9749552979115288]] [[0.331]] [[4]]
0 101907 1001 10000 232908 2.9032238167631403 6.5731018540009245 [[1.5605368412029144]] [[0.307]] [[6]]
0 160507 10224 10000 300731 2.6994937087460986 6.162654862999261 [[1.6583178468294406]] [[0.307]] [[5]]
0 190396 32328 10000 352724 2.909619184984757 7.332567207999091 [[0.8972868428923807]] [[0.263]] [[17]]
0 81850 3617 10000 215467 2.800157076097795 6.344969349998792 [[1.1808331120574045]] [[0.283]] [[10]]
0 296518 1677 10000 428195 2.6994937087460986 5.923992706000718 [[1.6583178468294408]] [[0.307]] [[5]]
0 173737 1490 45 175812 2.658560667946372 0.07380242900035228 [[1.2230417009317616]] [[0.283]] [[9]]
0 154956 709 10000 285665 3.2033490374277944 6.50510426099936 [[1.974955297911529]] [[0.331]] [[4]]
0 118913 1108 10000 250021 2.9386437398969405 6.695258667999951 [[1.1439076413240434]] [[0.283]] [[11]]
0 299968 1826 10000 431794 2.6994937087460986 6.2039053099997545 [[1.6583178468294408]] [[0.307]] [[5]]
0 135650 960 29 136987 2.6585601668421965 0.04847378399972513 [[1.2230414704042771]] [[0.283]] [[9]]
0 184941 1614 10000 316555 2.9032238167631403 6.737092825000218 [[1.5605368412029144]] [[0.307]] [[6]]
0 109860 736 16 110804 2.658559638375021 0.03386857700024848 [[1.2230412272887445]] [[0.283]] [[9]]
0 169825 6543 10000 306368 2.909619184984757 6.137722912000754 [[0.8972868428923808]] [[0.263]] [[17]]
0 84956 1347 20 86563 2.65856258472511 0.050666426999669056 [[1.2230425827248146]] [[0.283]] [[9]]
0 292106 1945 10000 424051 2.6994937087460986 6.562771404998784 [[1.6583178468294408]] [[0.307]] [[5]]
0 207819 1412 10000 339231 2.938118187334225 6.930686712999886 [[2.1737195711742943]] [[0.331]] [[3]]
0 191927 2086 10000 324013 2.6994937087460986 6.119828222999786 [[1.6583178468294408]] [[0.307]] [[5]]
0 189381 981 10000 320362 2.9032238167631403 6.472996100999808 [[1.5605368412029144]] [[0.307]] [[6]]
0 213329 2135 58 216218 2.658559849278316 0.09414076500070223 [[1.2230413243124942]] [[0.283]] [[9]]
0 307228 3266 10000 440494 2.6994937087460986 6.231938040999012 [[1.6583178468294408]] [[0.307]] [[5]]

