44 0 0 926 12038 2.6585616106359424 0.5214431900003547 [[1.2230421346057678]] [[0.283]] [[9]]
6 0 0 115 1495 2.658560704560394 0.0634221450000041 [[1.2230417177756414]] [[0.283]] [[9]]
3 0 0 68 884 2.658560720206149 0.03734679400076857 [[1.2230417249732992]] [[0.283]] [[9]]
53 0 0 1220 15860 2.658559375372276 0.6912257599997247 [[1.2230411062972137]] [[0.283]] [[9]]
21 0 0 469 6097 2.6585623317430906 0.27123044499967364 [[1.2230424663432091]] [[0.283]] [[9]]
4 0 0 77 1001 2.6585618916386022 0.05220665999877383 [[1.223042263877962]] [[0.283]] [[9]]
58 0 0 1359 17667 2.658562653323529 0.7861582559999079 [[1.2230426142827655]] [[0.283]] [[9]]
0 0 0 37 481 2.6585623674567005 0.02033408799979952 [[1.2230424827728639]] [[0.283]] [[9]]
4 0 0 107 1391 2.6585605808303523 0.06167509599981713 [[1.2230416608549914]] [[0.283]] [[9]]
14 0 0 278 3614 2.6585617573634295 0.16206010099995183 [[1.2230422021061402]] [[0.283]] [[9]]
12 0 0 326 4238 2.6585598170864535 0.19187330500062671 [[1.2230413095029806]] [[0.283]] [[9]]
89 0 0 1680 21840 2.658559195252031 0.9545798409999406 [[1.2230410234348688]] [[0.283]] [[9]]
21 0 0 349 4537 2.6585613284560883 0.19341713799985882 [[1.2230420047920183]] [[0.283]] [[9]]
46 0 0 943 12259 2.658561144398354 0.5881332570006634 [[1.2230419201182745]] [[0.283]] [[9]]
55 0 0 1107 14391 2.658562087212015 0.6322664020008233 [[1.2230423538493673]] [[0.283]] [[9]]
4 0 0 120 1560 2.6585617899082905 0.06472967499939841 [[1.223042217078047]] [[0.283]] [[9]]
3 0 0 49 637 2.6585598881627703 0.02733124400037923 [[1.2230413422008612]] [[0.283]] [[9]]
8 0 0 176 2288 2.6585609355482047 0.09619727399876865 [[1.2230418240390522]] [[0.283]] [[9]]
22 0 0 480 6240 2.658561839096574 0.290864970000257 [[1.2230422397065779]] [[0.283]] [[9]]
21 0 0 467 6071 2.6585608626069024 0.2720535379994544 [[1.2230417904832054]] [[0.283]] [[9]]
38 0 0 702 9126 2.658561796916171 0.4247135410005285 [[1.2230422203019455]] [[0.283]] [[9]]
41 0 0 820 10660 2.6585624805816237 0.47807156299859344 [[1.2230425348147451]] [[0.283]] [[9]]
31 0 0 560 7280 2.6585599924115235 0.3444432380001672 [[1.2230413901593575]] [[0.283]] [[9]]
0 0 0 33 429 2.658561641441934 0.020359981999718002 [[1.2230421487777268]] [[0.283]] [[9]]
26 0 0 523 6799 2.658559889032402 0.3200653189996956 [[1.2230413426009257]] [[0.283]] [[9]]
26 0 0 416 5408 2.658562354130745 0.24756459799937147 [[1.2230424766424042]] [[0.283]] [[9]]
49 0 0 1011 13143 2.6585621598250913 0.7137981340001716 [[1.2230423872542173]] [[0.283]] [[9]]
9 0 0 186 2418 2.6585599735119456 0.10385198400035733 [[1.223041381464814]] [[0.283]] [[9]]
7 0 0 107 1391 2.6585615507247766 0.06114539500049432 [[1.2230421070442927]] [[0.283]] [[9]]
79 0 0 1493 19409 2.6585596568196905 0.8569604010008334 [[1.2230412357740124]] [[0.283]] [[9]]
39 0 0 817 10621 2.6585611536293086 0.4957008439996571 [[1.2230419243648742]] [[0.283]] [[9]]
40 0 0 753 9789 2.658561723486972 0.4744565519995376 [[1.2230421865213215]] [[0.283]] [[9]]
9 0 0 225 2925 2.658561358694563 0.12448162599866919 [[1.2230420187028974]] [[0.283]] [[9]]
11 0 0 176 2288 2.658561142871293 0.10646629099937854 [[1.2230419194157671]] [[0.283]] [[9]]
1 0 0 46 598 2.6585607214435862 0.033382128000084776 [[1.223041725542243]] [[0.283]] [[9]]
38 0 0 733 9529 2.65856191574232 0.48986946900004114 [[1.2230422749666132]] [[0.283]] [[9]]
8 0 0 245 3185 2.658560857524116 0.1353023090014176 [[1.2230417881449254]] [[0.283]] [[9]]
7 0 0 156 2028 2.658560490432922 0.09547038799973961 [[1.2230416192686442]] [[0.283]] [[9]]
8 0 0 207 2691 2.658562519914881 0.13429403499867476 [[1.223042552909579]] [[0.283]] [[9]]
83 0 0 1507 19591 2.6585617454823587 1.08840246300133 [[1.2230421966403837]] [[0.283]] [[9]]
25 0 0 571 7423 2.6585624077498125 0.3411746689998836 [[1.2230425013092685]] [[0.283]] [[9]]
54 0 0 1156 15028 2.6585623781153753 0.6700993750000634 [[1.2230424876762704]] [[0.283]] [[9]]
12 0 0 213 2769 2.6585607098019097 0.11772041100084607 [[1.2230417201869432]] [[0.283]] [[9]]
10 0 0 237 3081 2.6585624597032766 0.1462493729995913 [[1.2230425252098902]] [[0.283]] [[9]]
64 0 0 1162 15106 2.658560097666731 0.7963767480014212 [[1.2230414385808626]] [[0.283]] [[9]]
44 0 0 906 11778 2.658560671983267 0.642748512000253 [[1.223041702788891]] [[0.283]] [[9]]
41 0 0 837 10881 2.658561325609708 0.5735882739991212 [[1.2230420034825722]] [[0.283]] [[9]]
1 0 0 45 585 2.6585608154745355 0.025271696998970583 [[1.2230417688004767]] [[0.283]] [[9]]
17 0 0 245 3185 2.6585593147911117 0.14218552700003784 [[1.2230410784275132]] [[0.283]] [[9]]
9 0 0 121 1573 2.6585625151538523 0.10810368199963705 [[1.2230425507193199]] [[0.283]] [[9]]

