7 0 0 203 2639 2.658559381435941 0.15290204399934737 [[1.2230411090867361]] [[0.283]] [[9]]
49 0 0 937 12181 2.658560527715098 0.7589064280000457 [[1.2230416364199006]] [[0.283]] [[9]]
21 0 0 591 7683 2.6585618121194745 0.42450587100029225 [[1.2230422272960588]] [[0.283]] [[9]]
3 0 0 136 1768 2.658561280314205 0.09956601900012174 [[1.2230419826448724]] [[0.283]] [[9]]
5 0 0 164 2132 2.658559583068686 0.12651200399886875 [[1.223041201845671]] [[0.283]] [[9]]
7 0 0 164 2132 2.6585609282776255 0.1485955730004207 [[1.2230418206939762]] [[0.283]] [[9]]
0 0 0 29 377 2.658561736059853 0.02037421900058689 [[1.2230421923056634]] [[0.283]] [[9]]
1 0 0 52 676 2.6585624765584126 0.039489504999437486 [[1.223042532963911]] [[0.283]] [[9]]
10 0 0 227 2951 2.6585605898960467 0.18182146800063492 [[1.2230416650255649]] [[0.283]] [[9]]
5 0 0 95 1235 2.6585613709000953 0.08132305500112125 [[1.2230420243179188]] [[0.283]] [[9]]
124 0 0 2371 30823 2.6585622524286605 1.7466857319996052 [[1.2230424298554747]] [[0.283]] [[9]]
2 0 0 81 1053 2.6585598220492015 0.061746909999783384 [[1.2230413117860384]] [[0.283]] [[9]]
18 0 0 374 4862 2.658562471946695 0.2896833409995452 [[1.2230425308423407]] [[0.283]] [[9]]
19 0 0 439 5707 2.6585594955659437 0.3255007459993067 [[1.2230411615909933]] [[0.283]] [[9]]
20 0 0 527 6851 2.6585609310930245 0.38197512100123276 [[1.2230418219894954]] [[0.283]] [[9]]
54 0 0 1345 17485 2.6585596056763636 1.04378953000014 [[1.2230412122460854]] [[0.283]] [[9]]
39 0 0 836 10868 2.6585616203084177 0.6125516410011187 [[1.2230421390554842]] [[0.283]] [[9]]
105 0 0 2016 26208 2.6585613947466724 1.4414749710012984 [[1.2230420352882752]] [[0.283]] [[9]]
13 0 0 400 5200 2.6585598472887497 0.2992501720000291 [[1.2230413233972157]] [[0.283]] [[9]]
20 0 0 623 8099 2.6585615852904243 0.4524870529985492 [[1.22304212294584]] [[0.283]] [[9]]
18 0 0 385 5005 2.6585624563614663 0.29312902799938456 [[1.223042523672527]] [[0.283]] [[9]]
31 0 0 669 8697 2.658562163637675 0.5085695720008516 [[1.2230410087369]] [[0.283]] [[9]]
15 0 0 321 4173 2.6585606620724858 0.24780430499959039 [[1.2230416982295447]] [[0.283]] [[9]]
41 0 0 820 10660 2.658561322599699 0.6078548059995228 [[1.2230420020978507]] [[0.283]] [[9]]
15 0 0 314 4082 2.658561735900993 0.22095765599988226 [[1.2230421922325818]] [[0.283]] [[9]]
5 0 0 95 1235 2.6585610309886283 0.07823871400069038 [[1.2230418679453732]] [[0.283]] [[9]]
61 0 0 1200 15600 2.6585617171978635 0.900099794000198 [[1.2230421836284118]] [[0.283]] [[9]]
41 0 0 775 10075 2.65856188531579 0.5856900859998859 [[1.2230422609692218]] [[0.283]] [[9]]
5 0 0 77 1001 2.658561897420114 0.06089784699906886 [[1.2230422665376832]] [[0.283]] [[9]]
76 0 0 1460 18980 2.6585610406385576 1.0785888119989977 [[1.2230418723847174]] [[0.283]] [[9]]
84 0 0 1535 19955 2.65855985184383 1.1780590480011597 [[1.2230413254927306]] [[0.283]] [[9]]
51 0 0 1016 13208 2.6585622840527563 0.7373460460003116 [[1.2230424444037933]] [[0.283]] [[9]]
24 0 0 545 7085 2.6585605770478913 0.4218486989993835 [[1.2230416591149116]] [[0.283]] [[9]]
14 0 0 352 4576 2.658562148161634 0.25990211599855684 [[1.2230423818885716]] [[0.283]] [[9]]
3 0 0 134 1742 2.6585618748859705 0.099151599999459 [[1.2230422561710974]] [[0.283]] [[9]]
4 0 0 86 1118 2.658562636022556 0.05815729700043448 [[1.2230426063236424]] [[0.283]] [[9]]
44 0 0 1095 14235 2.6585610266789463 0.8076275820003502 [[1.2230418659624254]] [[0.283]] [[9]]
10 0 0 150 1950 2.658562450444861 0.10489177599993127 [[1.2230425209506577]] [[0.283]] [[9]]
2 0 0 89 1157 2.658562332738158 0.06251063700074155 [[1.2230424668009787]] [[0.283]] [[9]]
14 0 0 318 4134 2.6585625345236705 0.2459590409998782 [[1.2230425596301926]] [[0.283]] [[9]]
7 0 0 132 1716 2.658562340827883 0.09559256099964841 [[1.2230424705225682]] [[0.283]] [[9]]
1 0 0 51 663 2.658561913501027 0.03537173899894697 [[1.223042273935531]] [[0.283]] [[9]]
15 0 0 300 3900 2.658560727923397 0.22920111999883375 [[1.2230417285235349]] [[0.283]] [[9]]
15 0 0 227 2951 2.6585608451529446 0.16406895399995847 [[1.2230417824537034]] [[0.283]] [[9]]
38 0 0 840 10920 2.658560945782699 0.6130980369998724 [[1.223041828747319]] [[0.283]] [[9]]
145 0 0 2840 36920 2.658561613390076 2.0472774939989904 [[1.2230421358727768]] [[0.283]] [[9]]
7 0 0 166 2158 2.6585611966328244 0.11976896700070938 [[1.2230419441481704]] [[0.283]] [[9]]
62 0 0 1329 17277 2.6585614917605316 0.9563301849993877 [[1.2230420799184378]] [[0.283]] [[9]]
99 0 0 2097 27261 2.6585595552467223 1.608900867999182 [[1.2230411890464814]] [[0.283]] [[9]]
55 0 0 1118 14534 2.6585625991581785 0.8549463189992821 [[1.2230425893645898]] [[0.283]] [[9]]

