267 2523755 10000 2653755 1.4158207615551999 7.657876967999982 [[1.5220600259543224]] [[0.307]] [[2]]
255 5062847 10000 5192847 0.018231686766568736 7.385620782999922 [[2.12267289053156]] [[0.0118]] [[23]]
259 7557993 10000 7687993 0.0004124094437733693 7.954548134999868 [[0.6878323125661882]] [[0.009]] [[1]]
246 9970413 10000 10100413 0.0013810701991740894 7.852524058000199 [[2.0673191840957035]] [[0.0095]] [[1]]
253 12422679 10000 12552679 0.0005081767686835312 8.998191912000038 [[0.8475567358445082]] [[0.009]] [[1]]
239 14855575 10000 14985575 0.0014280123131744974 8.19773857700011 [[0.8313007631523863]] [[0.0118]] [[3]]
238 17291252 10000 17421252 0.010232369652222836 8.3818354980001 [[2.1332423963562843]] [[0.009]] [[22]]
268 19779722 10000 19909722 2.0783940362515394 8.209712986999875 [[2.562777433918783]] [[0.331]] [[1]]
251 22264800 10000 22394800 0.0003804658664124396 7.507625015999793 [[0.6345555871673407]] [[0.009]] [[1]]
278 24802728 10000 24932728 0.14028812227318893 7.819317597999998 [[0.8652397491892205]] [[0.148]] [[1]]
254 27250629 10000 27380629 0.00035980448836772834 7.512540649999892 [[0.6000957471809711]] [[0.009]] [[1]]
245 29736229 10000 29866229 0.0017214702053928673 7.940102919000083 [[1.9326470782872427]] [[0.0095]] [[2]]
263 32270567 10000 32400567 0.5914602381392866 7.478613976000133 [[0.6097438153663552]] [[0.362]] [[1]]
261 34780494 10000 34910494 0.0003777920160972112 9.005091111000183 [[0.630096036898676]] [[0.009]] [[1]]
257 37227331 10000 37357331 1.4935656914010265 7.570780015000082 [[0.6250935852780398]] [[0.263]] [[12]]
284 39770819 10000 39900819 0.007175465979405778 8.135268493000012 [[1.1690035795901723]] [[0.0104]] [[21]]
261 42268027 10000 42398027 0.0003597556466077926 7.4383102990000225 [[0.6000142870175496]] [[0.009]] [[1]]
264 44746011 10000 44876011 0.0010697721843689447 8.164930184000013 [[1.7842071431754845]] [[0.009]] [[1]]
263 47223244 10000 47353244 0.0003601704333334596 7.330800340999986 [[0.6007060842521784]] [[0.009]] [[1]]
253 49692686 10000 49822686 0.00045779438314712045 8.868678328999977 [[0.6852708220170657]] [[0.0095]] [[1]]
263 52131344 10000 52261344 0.0013789177951463905 7.348371337000117 [[1.548072943487146]] [[0.0095]] [[2]]
253 54621646 10000 54751646 0.5906255358334913 7.2892096709999805 [[0.6088833102371654]] [[0.362]] [[1]]
246 57077782 10000 57207782 0.001272037400829994 8.253844539000056 [[2.121552840978072]] [[0.009]] [[1]]
276 59602600 10000 59732600 2.0825417765496677 7.849704742000085 [[0.6750796565971425]] [[0.244]] [[19]]
276 62099745 10000 62229745 0.00047966569636737744 8.032524254999998 [[0.6000036556613443]] [[0.009]] [[2]]
270 64624797 10000 64754797 0.0010224207759815841 7.964024694000045 [[1.277032583863062]] [[0.0104]] [[1]]
257 67112922 10000 67242922 1.4406351174746386 7.539380905999906 [[1.3322884539137896]] [[0.331]] [[2]]
276 69664435 10000 69794435 0.0004235168138601148 8.389750738999965 [[0.7063576110738845]] [[0.009]] [[1]]
241 72109101 10000 72239101 0.0006520114981951081 7.504188526000007 [[1.0874498229718903]] [[0.009]] [[1]]
256 74588205 10000 74718205 0.00035975364011753383 8.188271400000303 [[0.6000109405160189]] [[0.009]] [[1]]
247 77027609 10000 77157609 2.421978567933236 7.44535578399973 [[2.1077390576014983]] [[0.394]] [[1]]
251 79449057 10000 79579057 0.0003597855128999258 7.927029140000286 [[0.600064099166849]] [[0.009]] [[1]]
249 81876984 10000 82006984 1.8981994187571163 7.54305493999982 [[2.4014260622266312]] [[0.283]] [[2]]
247 84317440 10000 84447440 0.11807369761138133 8.145143990999713 [[0.6078020016772152]] [[0.162]] [[1]]
245 86748595 10000 86878595 0.0019333866899179887 7.921608266000021 [[0.8039275571914148]] [[0.0118]] [[5]]
237 89205857 10000 89335857 0.0003598531939173458 8.262005028999738 [[0.6001769801675916]] [[0.009]] [[1]]
271 91711002 10000 91841002 2.1621141536991035 7.961258847999943 [[1.1289544447042932]] [[0.394]] [[3]]
244 94179357 10000 94309357 0.0032864914564303504 9.1081756210001 [[0.8324780109898843]] [[0.02]] [[2]]
254 96656525 10000 96786525 0.0005067482338397786 8.708528065999872 [[0.845174170556552]] [[0.009]] [[1]]
249 99117257 10000 99247257 0.00047093041927299 7.950653943999896 [[0.7854358435213457]] [[0.009]] [[1]]
271 101615851 10000 101745851 0.0019897550284318313 9.07255826499977 [[0.8123065611241767]] [[0.0095]] [[9]]
255 104095889 10000 104225889 0.0006330103234381829 7.869774446000065 [[0.6141659985499929]] [[0.0118]] [[1]]
268 106543776 10000 106673776 0.0003630641099046098 8.26068197800032 [[0.6055322691948457]] [[0.009]] [[1]]
259 109008451 10000 109138451 0.0006264075481631536 7.4952063499999895 [[1.0447465715619]] [[0.009]] [[1]]
260 111502919 10000 111632919 0.5400515258646075 8.2859979079999 [[1.2254470086099756]] [[0.244]] [[1]]
238 113911705 10000 114041705 0.0003600152812014499 7.784197868999854 [[0.6004473155664195]] [[0.009]] [[1]]
273 116429820 10000 116559820 0.0010503486612476324 8.977598832999774 [[1.5722632627110618]] [[0.0095]] [[1]]
251 118873102 10000 119003102 0.00035974765029627944 8.713698775000012 [[0.6000009504620386]] [[0.009]] [[1]]
263 121372468 10000 121502468 0.001509316509668014 8.092480442000124 [[1.355574384491835]] [[0.0095]] [[3]]
239 123795852 10000 123925852 0.0003655909268645481 8.438310181999896 [[0.6097465915854381]] [[0.009]] [[1]]

