23 142008 471 148131 2.6585615846530444 0.7531616490000488 [[1.2230421226526205]] [[0.283]] [[9]]
45 393626 754 403428 2.658559806911604 1.0829068049999933 [[1.2230413048221527]] [[0.283]] [[9]]
2 407546 33 407975 2.6585598400264567 0.0611471239999446 [[1.2230413200562775]] [[0.283]] [[9]]
6 456271 154 458273 2.6585601061138076 0.23396198299997195 [[1.2230414424668472]] [[0.283]] [[9]]
25 590760 498 597234 2.6585615970350953 0.7454933420001453 [[1.2230421283488473]] [[0.283]] [[9]]
0 595950 19 596197 2.6585623506480744 0.03707744199982699 [[1.2230424750402396]] [[0.283]] [[9]]
7 641344 174 643606 2.6585607039332992 0.2591117360000226 [[1.2230417174871533]] [[0.283]] [[9]]
32 817720 532 824636 2.658561925831427 0.8751548730001559 [[1.2230422796079963]] [[0.283]] [[9]]
36 1021313 725 1030738 2.6585593493107913 0.9859580130000722 [[1.2230410943079133]] [[0.283]] [[9]]
6 1065509 205 1068174 2.6585597570083466 0.27150784099990233 [[1.2230412818647056]] [[0.283]] [[9]]
38 1259563 613 1267532 2.658562271711753 0.8863069129999985 [[1.2230424387264498]] [[0.283]] [[9]]
14 1349353 316 1353461 2.6585622623464453 0.4551177660000576 [[1.2230424344180428]] [[0.283]] [[9]]
9 1418002 289 1421759 2.658560953044743 0.3842413540000962 [[1.223041832088143]] [[0.283]] [[9]]
60 1775244 1328 1792508 2.6585605153998872 1.6716336280001087 [[1.2230416307544232]] [[0.283]] [[9]]
34 1971743 680 1980583 2.658560280648125 1.1028648950000388 [[1.2230415227594476]] [[0.283]] [[9]]
7 2023208 170 2025418 2.658560596464858 0.26519675900021866 [[1.2230416680474745]] [[0.283]] [[9]]
55 2313106 945 2325391 2.6585597420723595 1.541048506000152 [[1.2230412749935686]] [[0.283]] [[9]]
1 2324944 27 2325295 2.6585614832380107 0.06576976900009868 [[1.2230420759977454]] [[0.283]] [[9]]
0 2332945 25 2333270 2.658559638264828 0.04814466400011952 [[1.2230412272380513]] [[0.283]] [[9]]
20 2438732 320 2442892 2.65855935341568 0.5815509779999957 [[1.2230410961963225]] [[0.283]] [[9]]
9 2489749 171 2491972 2.658562121224597 0.26990871999987576 [[1.223042369496483]] [[0.283]] [[9]]
1 2499363 24 2499675 2.6585596909011513 0.04566093799985538 [[1.223041251452815]] [[0.283]] [[9]]
3 2521276 67 2522147 2.658560469026848 0.11386613400009082 [[1.2230416094210146]] [[0.283]] [[9]]
9 2569445 106 2570823 2.6585620618693193 0.2235698950000824 [[1.223042342190738]] [[0.283]] [[9]]
4 2597647 105 2599012 2.658561651605713 0.16440100499994514 [[1.223042153453462]] [[0.283]] [[9]]
4 2622495 92 2623691 2.658560019471514 0.16831198199997743 [[1.2230414026080099]] [[0.283]] [[9]]
5 2659843 122 2661429 2.6585604684734134 0.16386860000011438 [[1.2230416091664131]] [[0.283]] [[9]]
18 2792513 495 2798948 2.6585619612446365 0.8799457439999969 [[1.2230422958994553]] [[0.283]] [[9]]
2 2808300 41 2808833 2.658560363250227 0.12830033899990667 [[1.2230415607596392]] [[0.283]] [[9]]
12 2882904 261 2886297 2.658562197338575 0.4470649270001559 [[1.2230424045118846]] [[0.283]] [[9]]
14 2967974 301 2971887 2.6585599102590374 0.4146834599998783 [[1.2230413523660064]] [[0.283]] [[9]]
1 2976124 22 2976410 2.6585600970432064 0.051667827999835936 [[1.2230414382940167]] [[0.283]] [[9]]
18 3087365 467 3093436 2.658559927459553 0.6108673780001936 [[1.2230413602789154]] [[0.283]] [[9]]
0 3092044 22 3092330 2.6585606433654183 0.029687990999946123 [[1.2230416896235634]] [[0.283]] [[9]]
9 3152263 212 3155019 2.6585623001053382 0.3174922119999337 [[1.2230424517886078]] [[0.283]] [[9]]
8 3217902 226 3220840 2.6585615244390306 0.34369384000001446 [[1.2230420949518233]] [[0.283]] [[9]]
3 3244001 98 3245275 2.6585599816110976 0.15553828900010558 [[1.22304138519074]] [[0.283]] [[9]]
17 3356214 410 3361544 2.658559208843655 0.6146225360000699 [[1.2230410296875467]] [[0.283]] [[9]]
11 3430825 262 3434231 2.658561737657705 0.36694188000001304 [[1.2230421930407378]] [[0.283]] [[9]]
11 3497803 204 3500455 2.6585620279721365 0.33385397699998975 [[1.2230423265967105]] [[0.283]] [[9]]
3 3520982 71 3521905 2.6585620862842805 0.11877332900007787 [[1.2230423534225734]] [[0.283]] [[9]]
16 3629098 371 3633921 2.6585616967262453 0.5781019260000448 [[1.2230421742106683]] [[0.283]] [[9]]
1 3645402 47 3646013 2.6585614285683516 0.0904788269999699 [[1.223042050847568]] [[0.283]] [[9]]
3 3668841 75 3669816 2.658559477526416 0.10612770399984583 [[1.2230411532921062]] [[0.283]] [[9]]
6 3706928 107 3708319 2.658560946678562 0.18300838599998315 [[1.2230418291594511]] [[0.283]] [[9]]
1 3714277 29 3714654 2.658560881436531 0.0447472519999792 [[1.2230417991455695]] [[0.283]] [[9]]
3 3736919 69 3737816 2.6585619165550405 0.13077233500007424 [[1.2230422753404966]] [[0.283]] [[9]]
12 3820992 261 3824385 2.6585612323840846 0.40666874099997585 [[1.223041960595146]] [[0.283]] [[9]]
12 3891918 260 3895298 2.65855987070708 0.3942407730000923 [[1.223041334170562]] [[0.283]] [[9]]
2 3907785 35 3908240 2.6585610087962976 0.062482096999929126 [[1.2230418577360347]] [[0.283]] [[9]]

