0 20511 10000 150511 0.0003597470804197071 4.947993849000113 [[0.6000000000000001]] [[0.009]] [[1]]
0 43197 10000 173197 0.0003597470804197071 4.737980562000075 [[0.6000000000000001]] [[0.009]] [[1]]
0 56757 10000 186757 0.0003597470804197071 4.84799337100003 [[0.6000000000000001]] [[0.009]] [[1]]
0 74057 10000 204057 0.0003597470804197071 4.703971897999963 [[0.6000000000000001]] [[0.009]] [[1]]
0 85755 10000 215755 0.0004796627738929428 5.230245226999841 [[0.6000000000000001]] [[0.009]] [[2]]
0 99312 10000 229312 0.0003597470804197071 5.123113377999971 [[0.6000000000000001]] [[0.009]] [[1]]
0 107014 10000 237014 0.0013190726282055927 4.824749134000058 [[0.6000000000000001]] [[0.009]] [[9]]
0 126015 10000 256015 0.0003597470804197071 6.431650115999901 [[0.6000000000000001]] [[0.009]] [[1]]
0 140384 10000 270384 0.0003597470804197071 4.896394782000016 [[0.6000000000000001]] [[0.009]] [[1]]
0 163649 10000 293649 0.0003597470804197071 5.192969938000033 [[0.6000000000000001]] [[0.009]] [[1]]
0 183524 10000 313524 0.0003597470804197071 6.44469558500009 [[0.6000000000000001]] [[0.009]] [[1]]
0 199314 10000 329314 0.0003597470804197071 4.829960810000102 [[0.6000000000000001]] [[0.009]] [[1]]
0 211686 10000 341686 0.0003597470804197071 4.701419922000014 [[0.6000000000000001]] [[0.009]] [[1]]
0 220805 10000 350805 0.0003597470804197071 5.632745574000182 [[0.6000000000000001]] [[0.009]] [[1]]
0 230634 10000 360634 0.0003597470804197071 4.759475144999897 [[0.6000000000000001]] [[0.009]] [[1]]
0 248428 10000 378428 0.0003597470804197071 4.710422337999944 [[0.6000000000000001]] [[0.009]] [[1]]
0 264532 10000 394532 0.0017987354020985355 5.985738670000046 [[0.6000000000000001]] [[0.009]] [[13]]
0 292129 10000 422129 0.0003597470804197071 4.918481839999913 [[0.6000000000000001]] [[0.009]] [[1]]
0 319284 10000 449284 0.0003597470804197071 5.05827000499994 [[0.6000000000000001]] [[0.009]] [[1]]
0 331062 10000 461062 0.0017987354020985355 5.36301874500009 [[0.6000000000000001]] [[0.009]] [[13]]
0 345126 10000 475126 0.0003597470804197071 4.891002210999886 [[0.6000000000000001]] [[0.009]] [[1]]
0 360341 10000 490341 0.0003597470804197071 4.818599554999992 [[0.6000000000000001]] [[0.009]] [[1]]
0 386062 10000 516062 0.0003597470804197071 5.859061895999957 [[0.6000000000000001]] [[0.009]] [[1]]
0 403380 10000 533380 0.0003597470804197071 4.6716731999999865 [[0.6000000000000001]] [[0.009]] [[1]]
0 419166 10000 549166 0.0003597470804197071 5.179021669999884 [[0.6000000000000001]] [[0.009]] [[1]]
0 433208 10000 563208 0.0003597470804197071 5.467963284999996 [[0.6000000000000001]] [[0.009]] [[1]]
0 444470 10000 574470 0.0003597470804197071 5.155540901999984 [[0.6000000000000001]] [[0.009]] [[1]]
0 460680 10000 590680 0.0003597470804197071 5.554368195000052 [[0.6000000000000001]] [[0.009]] [[1]]
0 484034 10000 614034 0.0003597470804197071 4.919714019999901 [[0.6000000000000001]] [[0.009]] [[1]]
0 504409 10000 634409 0.0003597470804197071 4.682198849000088 [[0.6000000000000001]] [[0.009]] [[1]]
0 525726 10000 655726 0.0003597470804197071 6.539740832999996 [[0.6000000000000001]] [[0.009]] [[1]]
0 540865 10000 670865 0.0003597470804197071 5.577720371999931 [[0.6000000000000001]] [[0.009]] [[1]]
0 555291 10000 685291 0.0003597470804197071 5.320743507000088 [[0.6000000000000001]] [[0.009]] [[1]]
0 575037 10000 705037 0.0003597470804197071 6.23231216399995 [[0.6000000000000001]] [[0.009]] [[1]]
0 586852 10000 716852 0.0003597470804197071 5.166620831000046 [[0.6000000000000001]] [[0.009]] [[1]]
0 606480 10000 736480 0.0003597470804197071 6.544702081999958 [[0.6000000000000001]] [[0.009]] [[1]]
0 630214 10000 760214 0.0003597470804197071 5.359525923000092 [[0.6000000000000001]] [[0.009]] [[1]]
0 641669 10000 771669 0.0003597470804197071 4.918445953999935 [[0.6000000000000001]] [[0.009]] [[1]]
0 657118 10000 787118 0.0003597470804197071 5.7832603869999275 [[0.6000000000000001]] [[0.009]] [[1]]
0 672205 10000 802205 0.0003597470804197071 5.961636762999888 [[0.6000000000000001]] [[0.009]] [[1]]
0 685471 10000 815471 0.0003597470804197071 6.475237577000144 [[0.6000000000000001]] [[0.009]] [[1]]
0 728122 10000 858122 0.0003597470804197071 5.751957276999974 [[0.6000000000000001]] [[0.009]] [[1]]
0 746362 10000 876362 0.0003597470804197071 4.844956714999853 [[0.6000000000000001]] [[0.009]] [[1]]
0 760316 10000 890316 0.0003597470804197071 4.713596072999962 [[0.6000000000000001]] [[0.009]] [[1]]
0 780676 10000 910676 0.0003597470804197071 5.698474065000028 [[0.6000000000000001]] [[0.009]] [[1]]
0 799006 10000 929006 0.0003597470804197071 4.888317196999878 [[0.6000000000000001]] [[0.009]] [[1]]
0 810764 10000 940764 0.0003597470804197071 4.847438050999926 [[0.6000000000000001]] [[0.009]] [[1]]
0 827805 10000 957805 0.0003597470804197071 5.63755626000011 [[0.6000000000000001]] [[0.009]] [[1]]
0 838591 10000 968591 0.0003597470804197071 6.331419426999901 [[0.6000000000000001]] [[0.009]] [[1]]
0 852560 10000 982560 0.0003597470804197071 5.336751143000129 [[0.6000000000000001]] [[0.009]] [[1]]

