80 21513 1655 43028 2.6585609745799106 1.0404571439999017 [[1.2230418419951608]] [[0.283]] [[9]]
0 21893 29 22270 2.65856038618787 0.018351253000219003 [[1.2230415713118505]] [[0.283]] [[9]]
64 38387 1266 54845 2.6585608425056346 0.7900505220000014 [[1.2230417812358376]] [[0.283]] [[9]]
23 45136 518 51870 2.658562326061347 0.3332248549995711 [[1.223042463729385]] [[0.283]] [[9]]
97 71609 2037 98090 2.6585624200824443 1.2395622939998248 [[1.2230425069827606]] [[0.283]] [[9]]
51 87030 1184 102422 2.658560078114483 0.7314918000001853 [[1.223041429586065]] [[0.283]] [[9]]
61 106850 1524 126662 2.6585592287367827 0.9778155469998637 [[1.223041038839162]] [[0.283]] [[9]]
103 135693 2218 164527 2.6585607915614453 1.3387193489998026 [[1.2230417577995214]] [[0.283]] [[9]]
7 137282 122 138868 2.658561367061401 0.07528262599998925 [[1.2230420225519694]] [[0.283]] [[9]]
42 148417 854 159519 2.6585608082057774 0.5332316520002678 [[1.223041765456564]] [[0.283]] [[9]]
127 184205 2752 219981 2.6585595021911463 1.6883024829999158 [[1.2230411646388453]] [[0.283]] [[9]]
6 186684 191 189167 2.658559371103127 0.11338451299980079 [[1.2230411043332383]] [[0.283]] [[9]]
17 190392 284 194084 2.658561562614868 0.19013619699990159 [[1.223042112514199]] [[0.283]] [[9]]
3 192029 124 193641 2.6585624863527357 0.07682942699966588 [[1.223042537469682]] [[0.283]] [[9]]
36 199736 592 207432 2.658559716172529 0.3816540520001581 [[1.2230412630786356]] [[0.283]] [[9]]
32 207710 612 215666 2.658559456971072 0.39011544600043635 [[1.2230411438358455]] [[0.283]] [[9]]
11 210093 182 212459 2.658559473255302 0.10824696899999253 [[1.2230411513272272]] [[0.283]] [[9]]
2 211111 79 212138 2.658561530667455 0.047943750000285945 [[1.2230420978171415]] [[0.283]] [[9]]
49 223704 966 236262 2.658562177121326 0.5951405999999224 [[1.2230423952111606]] [[0.283]] [[9]]
11 226999 253 230288 2.6585619438724115 0.14928604599981554 [[1.2230422879075535]] [[0.283]] [[9]]
10 230029 232 233045 2.6585617739373646 0.16027828799997224 [[1.2230422097307976]] [[0.283]] [[9]]
31 238386 643 246745 2.6585609537753028 0.4066781679998712 [[1.223041832424229]] [[0.283]] [[9]]
56 255078 1282 271744 2.658561667986093 0.8308574749999025 [[1.223042160989076]] [[0.283]] [[9]]
37 262431 564 269763 2.658561604279634 0.3621023939999759 [[1.223042131681618]] [[0.283]] [[9]]
4 263597 90 264767 2.658559190814242 0.053943125999921904 [[1.2230410213933127]] [[0.283]] [[9]]
33 273119 731 282622 2.6585601659684936 0.46050751099983245 [[1.2230414700023398]] [[0.283]] [[9]]
3 273934 61 274727 2.6585619116738366 0.036619576000248344 [[1.223042273094952]] [[0.283]] [[9]]
21 280393 496 286841 2.658561360746718 0.3201446369998848 [[1.2230420196469687]] [[0.283]] [[9]]
2 281171 59 281938 2.6585618656564263 0.03583116900017558 [[1.2230422519251467]] [[0.283]] [[9]]
15 284868 283 288547 2.658561913951361 0.1739934719998928 [[1.2230422741427023]] [[0.283]] [[9]]
2 286142 97 287403 2.658559909803986 0.0723220949998904 [[1.2230413521566652]] [[0.283]] [[9]]
58 300921 1136 315689 2.658560647290145 0.7067101369998454 [[1.223041691429091]] [[0.283]] [[9]]
19 306409 421 311882 2.658561944499882 0.2664949350000825 [[1.2230422881962144]] [[0.283]] [[9]]
1 306858 35 307313 2.658560113770814 0.02681471000005331 [[1.2230414459893693]] [[0.283]] [[9]]
22 312842 458 318796 2.6585623021456195 0.29726015699998243 [[1.2230424527272168]] [[0.283]] [[9]]
13 316566 287 320297 2.6585599629405907 0.1752427709998301 [[1.223041376601578]] [[0.283]] [[9]]
43 329541 996 342489 2.6585624768539793 0.608216468000137 [[1.223042533099883]] [[0.283]] [[9]]
11 331680 163 333799 2.6585608732979336 0.09768411499999274 [[1.2230417954014972]] [[0.283]] [[9]]
5 334173 191 336656 2.6585614843232896 0.11285547199986468 [[1.223042076497016]] [[0.283]] [[9]]
30 342647 651 351110 2.6585601776987455 0.42741228299973955 [[1.2230414753987136]] [[0.283]] [[9]]
61 360109 1342 377555 2.658562421772894 0.8191574699999364 [[1.2230425077604332]] [[0.283]] [[9]]
19 364171 312 368227 2.658559382397833 0.1885327459999644 [[1.2230411095292442]] [[0.283]] [[9]]
4 365560 105 366925 2.658560265631099 0.07629131600015171 [[1.223041515851029]] [[0.283]] [[9]]
69 387555 1691 409538 2.6585602447720658 1.0343923310001628 [[1.2230415062550595]] [[0.283]] [[9]]
23 392744 400 397944 2.658561368134039 0.2566178349998154 [[1.2230420230454246]] [[0.283]] [[9]]
0 393186 32 393602 2.658559324013191 0.024731889999657142 [[1.2230410826700293]] [[0.283]] [[9]]
40 402814 740 412434 2.65856012828244 0.5299987349999356 [[1.2230414526652835]] [[0.283]] [[9]]
125 436941 2623 471040 2.658559718292379 1.6037665110002308 [[1.223041264053849]] [[0.283]] [[9]]
3 437706 58 438460 2.6585611353028282 0.03594403099987176 [[1.2230419159339778]] [[0.283]] [[9]]
0 438059 26 438397 2.658559652266029 0.01746454200019798 [[1.2230412336791503]] [[0.283]] [[9]]

