0 2031 10000 132031 3.2033490374277944 5.394134344999657 [[1.974955297911529]] [[0.331]] [[4]]
0 132756 10000 262756 2.859301015529199 6.4526552449997325 [[0.915603855043749]] [[0.263]] [[16]]
0 261451 10000 391451 2.6994937087460986 6.392818007999722 [[1.6583178468294408]] [[0.307]] [[5]]
0 391893 10000 521893 2.6994937087460986 5.546029055999952 [[1.6583178468294406]] [[0.307]] [[5]]
0 520974 10000 650974 3.2826173625208797 5.338493697000104 [[0.8362597132681442]] [[0.263]] [[21]]
0 651133 10000 781133 2.9032238167631403 6.227919023999675 [[1.5605368412029144]] [[0.307]] [[6]]
0 781674 10000 911674 2.859301015529199 5.417504347999966 [[0.915603855043749]] [[0.263]] [[16]]
0 911713 10000 1041713 2.909619184984757 6.050645494000037 [[0.8972868428923807]] [[0.263]] [[17]]
0 1041595 10000 1171595 3.2033490374277944 5.328306907000297 [[1.974955297911529]] [[0.331]] [[4]]
0 1171227 10000 1301227 2.859301015529199 5.470242012000199 [[0.915603855043749]] [[0.263]] [[16]]
0 1301347 10000 1431347 2.6994937087460986 6.060011000000031 [[1.6583178468294408]] [[0.307]] [[5]]
0 1430453 35 1430908 2.658559871279269 0.021270966999964003 [[1.2230413344337914]] [[0.283]] [[9]]
0 1432783 10000 1562783 2.6994937087460986 5.345818979999876 [[1.6583178468294406]] [[0.307]] [[5]]
0 1562552 10000 1692552 2.800157076097795 5.287428223999996 [[1.1808331120574045]] [[0.283]] [[10]]
0 1692257 10000 1822257 2.938118187334225 6.044827381999767 [[2.1737195711742943]] [[0.331]] [[3]]
0 1822048 10000 1952048 2.6994937087460986 5.368807671000013 [[1.6583178468294406]] [[0.307]] [[5]]
0 1951089 48 1951713 2.6585602476309536 0.03214696199984246 [[1.2230415075702594]] [[0.283]] [[9]]
0 1952429 10000 2082429 2.938118187334225 5.965573608999875 [[2.1737195711742943]] [[0.331]] [[3]]
0 2082262 10000 2212262 3.2547380442058707 5.448575608999818 [[1.7863687481541632]] [[0.307]] [[4]]
0 2211646 41 2212179 2.6585595953539354 0.02534795099973053 [[1.2230412074973656]] [[0.283]] [[9]]
0 2214321 10000 2344321 2.6994937087460986 5.4116644910000105 [[1.6583178468294406]] [[0.307]] [[5]]
0 2343271 10000 2473271 2.909619184984757 6.299932871999772 [[0.8972868428923808]] [[0.263]] [[17]]
0 2472827 10000 2602827 3.102540388995962 5.438263093000387 [[1.4823761855945654]] [[0.307]] [[7]]
0 2602215 44 2602787 2.658561034355384 0.026592488999995112 [[1.2230418694942122]] [[0.283]] [[9]]
0 2603599 10000 2733599 2.800157076097795 5.909327155000028 [[1.1808331120574045]] [[0.283]] [[10]]
0 2733779 10000 2863779 2.800157076097795 5.426059205000001 [[1.1808331120574043]] [[0.283]] [[10]]
0 2863085 66 2863943 2.6585603478006297 0.039144022000073164 [[1.2230415536522212]] [[0.283]] [[9]]
0 2863956 10000 2993956 2.859301015529199 5.572637119999854 [[0.915603855043749]] [[0.263]] [[16]]
0 2994494 10000 3124494 3.004955316404671 6.06540990800022 [[0.8803528443391023]] [[0.263]] [[18]]
0 3124134 10000 3254134 2.6994937087460986 5.252802347999932 [[1.6583178468294408]] [[0.307]] [[5]]
0 3254192 10000 3384192 4.058798356296174 5.378913331999684 [[0.7450501107870544]] [[0.244]] [[22]]
0 3384242 10000 3514242 2.938118187334225 6.0347493549998035 [[2.1737195711742943]] [[0.331]] [[3]]
0 3514143 10000 3644143 2.938118187334225 5.390108340000097 [[2.1737195711742943]] [[0.331]] [[3]]
0 3645081 10000 3775081 2.6994937087460986 5.886928105000152 [[1.6583178468294406]] [[0.307]] [[5]]
0 3774760 10000 3904760 2.938118187334225 5.564640167000107 [[2.1737195711742943]] [[0.331]] [[3]]
0 3904273 10000 4034273 2.9032238167631403 5.317031659999884 [[1.5605368412029144]] [[0.307]] [[6]]
0 4034319 10000 4164319 2.909619184984757 6.501148324000042 [[0.8972868428923808]] [[0.263]] [[17]]
0 4163767 50 4164417 2.6585602125073673 0.02993875800029855 [[1.2230414914120384]] [[0.283]] [[9]]
0 4164795 78 4165809 2.6585623422651565 0.04479870200020741 [[1.2230424711837702]] [[0.283]] [[9]]
0 4165750 10000 4295750 2.859301015529199 6.885921905000032 [[0.915603855043749]] [[0.263]] [[16]]
0 4296530 10000 4426530 2.859301015529199 5.420803368999714 [[0.915603855043749]] [[0.263]] [[16]]
0 4426041 10000 4556041 2.9386437398969405 6.146288172999903 [[1.1439076413240434]] [[0.283]] [[11]]
0 4555225 32 4555641 2.658559692621442 0.02260961000001771 [[1.22304125224389]] [[0.283]] [[9]]
0 4555667 33 4556096 2.658561055567365 0.02205896399982521 [[1.2230418792525517]] [[0.283]] [[9]]
0 4556093 32 4556509 2.6585624870030986 0.027333394999914162 [[1.2230425377688743]] [[0.283]] [[9]]
0 4557405 10000 4687405 2.800157076097795 5.839900399999806 [[1.1808331120574045]] [[0.283]] [[10]]
0 4687606 10000 4817606 3.004955316404671 5.536025155000061 [[0.8803528443391023]] [[0.263]] [[18]]
0 4817270 10000 4947270 2.6994937087460986 6.0450032430003375 [[1.6583178468294406]] [[0.307]] [[5]]
0 4947368 10000 5077368 2.6994937087460986 5.372989611999856 [[1.6583178468294406]] [[0.307]] [[5]]
0 5077114 10000 5207114 2.6994937087460986 5.548308123999959 [[1.6583178468294406]] [[0.307]] [[5]]

