120 9396840 0 1966 9422398 2.658561402539975 1.9465017549991899 [[1.2230420388734986]] [[0.283]] [[9]]
30 2679886 0 501 2686399 2.658561426331017 0.47710925200044585 [[1.2230420498183068]] [[0.283]] [[9]]
16 1231921 0 248 1235145 2.6585605552683447 0.23933065299934242 [[1.2230416490954699]] [[0.283]] [[9]]
5 539254 0 106 540632 2.658561324798339 0.11951788399892393 [[1.2230420031093108]] [[0.283]] [[9]]
140 10584576 0 2097 10611837 2.658562548420414 2.093210214999999 [[1.2230425660232371]] [[0.283]] [[9]]
19 1622438 0 303 1626377 2.6585617405840734 0.3110939550006151 [[1.2230421943869816]] [[0.283]] [[9]]
23 2006837 0 346 2011335 2.658561031597994 0.36032718299975386 [[1.2230418682257054]] [[0.283]] [[9]]
90 7663074 0 1364 7680806 2.6585626580006783 1.354953777999981 [[1.2230426164344368]] [[0.283]] [[9]]
58 4460096 0 889 4471653 2.65856167822067 0.8685669830010738 [[1.2230421656973811]] [[0.283]] [[9]]
36 2689174 0 581 2696727 2.6585597749264593 0.6071467469992058 [[1.2230412901077372]] [[0.283]] [[9]]
62 5027605 0 1016 5040813 2.658560000303004 0.9984113010013971 [[1.2230413937897466]] [[0.283]] [[9]]
30 2400949 0 479 2407176 2.658559837780336 0.4827281750003749 [[1.2230413190229743]] [[0.283]] [[9]]
73 6262306 0 1243 6278465 2.658561111466124 1.2257094150008925 [[1.2230419049681631]] [[0.283]] [[9]]
3 201267 0 51 201930 2.6585609408842634 0.04768403500020213 [[1.2230418264938476]] [[0.283]] [[9]]
3 315655 0 48 316279 2.658560812668615 0.05054572600056417 [[1.2230417675096437]] [[0.283]] [[9]]
43 3518136 0 639 3526443 2.6585609793966976 0.6554290120002406 [[1.2230418442110709]] [[0.283]] [[9]]
0 75053 0 21 75326 2.6585605284615417 0.018138528999770642 [[1.223041636763294]] [[0.283]] [[9]]
9 839384 0 138 841178 2.658559373931302 0.14399750200027484 [[1.2230411056343093]] [[0.283]] [[9]]
37 2678242 0 553 2685431 2.6585609687704066 0.5585220309985743 [[1.223041839322562]] [[0.283]] [[9]]
82 6737078 0 1186 6752496 2.658561734141852 1.2017033120009728 [[1.2230421914233083]] [[0.283]] [[9]]
32 2705981 0 406 2711259 2.658562444389259 0.4478045510004449 [[1.2230425181648443]] [[0.283]] [[9]]
100 7964635 0 1542 7984681 2.6585625044127434 1.4905490720011585 [[1.2230425457779905]] [[0.283]] [[9]]
80 6895588 0 1470 6914698 2.6585618828619726 1.4007380819984974 [[1.2230422598403698]] [[0.283]] [[9]]
60 4735244 0 866 4746502 2.6585611886784517 0.8654148389996408 [[1.2230419404888484]] [[0.283]] [[9]]
122 9533005 0 1532 9552921 2.658559845652906 1.6101759590001166 [[1.223041322644664]] [[0.283]] [[9]]
9 757733 0 135 759488 2.658561047524388 0.13527167399843165 [[1.2230418755524683]] [[0.283]] [[9]]
15 1405290 0 263 1408709 2.6585625572573273 0.2781010790004075 [[1.223042570088562]] [[0.283]] [[9]]
12 1129346 0 231 1132349 2.6585600092035166 0.22186605200113263 [[1.22304139788433]] [[0.283]] [[9]]
35 2639232 0 452 2645108 2.65856208747881 0.546762605999902 [[1.2230423539721036]] [[0.283]] [[9]]
11 791626 0 168 793810 2.65855944955211 0.1803070209989528 [[1.2230411404228334]] [[0.283]] [[9]]
20 1725364 0 309 1729381 2.6585607942896203 0.3665637310004968 [[1.2230417590545886]] [[0.283]] [[9]]
2 226449 0 30 226839 2.6585605914840476 0.035055631000432186 [[1.2230416657557814]] [[0.283]] [[9]]
11 994678 0 217 997499 2.658561752043587 0.23432823999974062 [[1.2230421996588052]] [[0.283]] [[9]]
44 3277432 0 766 3287390 2.658559448006567 0.7559940089995507 [[1.2230411397118233]] [[0.283]] [[9]]
68 6003341 0 1309 6020358 2.658561346648666 1.2694441599996935 [[1.2230420131613142]] [[0.283]] [[9]]
36 3162709 0 776 3172797 2.6585617273720232 0.7355323349984246 [[1.2230421883089226]] [[0.283]] [[9]]
71 5525871 0 1144 5540743 2.6585603788413614 1.330508106000707 [[1.2230415679321698]] [[0.283]] [[9]]
29 2519339 0 531 2526242 2.6585594737979372 0.5594629650004208 [[1.2230411515768607]] [[0.283]] [[9]]
13 927467 0 147 929378 2.6585618879776414 0.17486590899898147 [[1.2230422621937773]] [[0.283]] [[9]]
13 1004990 0 156 1007018 2.6585615344464544 0.19054180499915674 [[1.2230420995556288]] [[0.283]] [[9]]
23 1643948 0 433 1649577 2.6585621743153376 0.4278147999993962 [[1.2230423939199704]] [[0.283]] [[9]]
60 4527349 0 822 4538035 2.6585623241796523 0.8770518780002021 [[1.2230424628637322]] [[0.283]] [[9]]
52 4422530 0 890 4434100 2.65856253653468 0.9639530550011841 [[1.2230425605553354]] [[0.283]] [[9]]
61 5000350 0 839 5011257 2.6585619707321864 0.8561611249988346 [[1.2230423002640987]] [[0.283]] [[9]]
0 57289 0 31 57692 2.658559574097229 0.024408228000538656 [[1.2230411977184505]] [[0.283]] [[9]]
93 7329904 0 1505 7349469 2.6585606414849434 1.4935704859999532 [[1.2230416887584714]] [[0.283]] [[9]]
107 8454931 0 1649 8476368 2.658560936198668 1.5935687010005495 [[1.2230418243379648]] [[0.283]] [[9]]
102 8496303 0 1753 8519092 2.658561516214673 2.121487299000364 [[1.2230420911682975]] [[0.283]] [[9]]
27 2224913 0 546 2232011 2.658562329752459 0.6850902069982112 [[1.2230424654274408]] [[0.283]] [[9]]
31 2540810 0 473 2546959 2.658559363744374 0.5527889460008737 [[1.2230411009479247]] [[0.283]] [[9]]

