0 72813 0 10000 202813 2.938118187334225 6.600238451999758 [[2.1737195711742943]] [[0.331]] [[3]]
0 176090 0 65 176935 2.65855983020232 0.05546458800017717 [[1.2230413155367912]] [[0.283]] [[9]]
0 242421 0 10000 372421 2.800157076097795 6.41144340900064 [[1.1808331120574045]] [[0.283]] [[10]]
0 110441 0 10000 240441 2.920736572706231 6.526382908999949 [[1.4773822247113886]] [[0.331]] [[12]]
0 129034 0 10000 259034 3.372633938128697 6.5484675810002955 [[0.8233921328039983]] [[0.263]] [[22]]
0 82208 0 10000 212208 2.6994937087460986 6.343865584000014 [[1.6583178468294408]] [[0.307]] [[5]]
0 133745 0 10000 263745 2.909619184984757 7.542520547000095 [[0.8972868428923807]] [[0.263]] [[17]]
0 134580 0 10000 264580 3.9597811512784946 6.708048206999592 [[2.449312983194384]] [[0.362]] [[3]]
0 157659 0 60 158439 2.658559183600577 0.05582466799933172 [[1.223041018074745]] [[0.283]] [[9]]
0 121813 0 10000 251813 2.800157076097795 8.358155686000828 [[1.1808331120574045]] [[0.283]] [[10]]
0 215894 0 10000 345894 2.6994937087460986 6.510357754999859 [[1.6583178468294408]] [[0.307]] [[5]]
0 128988 0 38 129482 2.6585603654982903 0.034906728000350995 [[1.2230415617938362]] [[0.283]] [[9]]
0 61820 0 10000 191820 2.909619184984757 6.8532172569994145 [[0.8972868428923807]] [[0.263]] [[17]]
0 176797 0 10000 306797 2.859301015529199 6.91500368800007 [[0.915603855043749]] [[0.263]] [[16]]
0 114853 0 10000 244853 2.800157076097795 6.334731111999645 [[1.1808331120574043]] [[0.283]] [[10]]
0 85536 0 10000 215536 2.6994937087460986 7.158053438000934 [[1.6583178468294406]] [[0.307]] [[5]]
0 87913 0 10000 217913 3.6262543050101783 7.706777975001387 [[2.8037634563334013]] [[0.362]] [[2]]
0 146828 0 10000 276828 3.6262543050101783 6.942226052999104 [[2.8037634563334013]] [[0.362]] [[2]]
0 160614 0 10000 290614 3.088245966694499 7.444319464999353 [[0.9572784042516101]] [[0.263]] [[14]]
0 109110 0 10000 239110 3.074223477656544 7.3887651299992285 [[1.1112065025417261]] [[0.283]] [[12]]
0 82500 0 10000 212500 2.6994937087460986 6.563944682999136 [[1.6583178468294408]] [[0.307]] [[5]]
0 160986 0 10000 290986 2.9032238167631403 6.684274363000441 [[1.5605368412029144]] [[0.307]] [[6]]
0 145830 0 33 146259 2.6585602643882154 0.030934806998629938 [[1.2230415152792542]] [[0.283]] [[9]]
0 48347 0 10000 178347 3.3859264816363535 7.234661106000203 [[2.947134173770298]] [[0.4375]] [[7]]
0 111122 0 10000 241122 2.800157076097795 6.477771317999213 [[1.1808331120574045]] [[0.283]] [[10]]
0 108710 0 29 109087 2.6585624121103937 0.025400237000212655 [[1.223042503315306]] [[0.283]] [[9]]
0 218897 0 10000 348897 2.6994937087460986 6.451389661000576 [[1.6583178468294406]] [[0.307]] [[5]]
0 67770 0 10000 197770 3.2033490374277944 6.9277865099993505 [[1.9749552979115288]] [[0.331]] [[4]]
0 134533 0 61 135326 2.6585598619045263 0.04730211300011433 [[1.2230413301210439]] [[0.283]] [[9]]
0 129631 0 210 132361 2.6585607396374744 0.1585502540001471 [[1.2230417339124677]] [[0.283]] [[9]]
0 168204 0 10000 298204 3.2033490374277944 6.50412537199918 [[1.9749552979115288]] [[0.331]] [[4]]
0 145333 0 10000 275333 2.9386437398969405 7.126941208000062 [[1.1439076413240434]] [[0.283]] [[11]]
0 105009 0 10000 235009 3.102540388995962 6.320913939000093 [[1.4823761855945654]] [[0.307]] [[7]]
0 276814 0 10000 406814 2.6994937087460986 6.994865502998437 [[1.6583178468294408]] [[0.307]] [[5]]
0 136413 0 10000 266413 2.6994937087460986 6.433639300001232 [[1.6583178468294408]] [[0.307]] [[5]]
0 151606 0 10000 281606 2.859301015529199 7.291301489998659 [[0.915603855043749]] [[0.263]] [[16]]
0 181055 0 195 183590 2.65856005530409 0.14176227999996627 [[1.2230414190923937]] [[0.283]] [[9]]
0 75993 0 10000 205993 2.6616807060148764 6.658005523000611 [[1.9800154576173672]] [[0.4375]] [[14]]
0 74677 0 34 75119 2.6585615778840945 0.026329350999731105 [[1.2230421195386392]] [[0.283]] [[9]]
0 106940 0 10000 236940 2.800157076097795 7.008625040998595 [[1.1808331120574045]] [[0.283]] [[10]]
0 150823 0 10000 280823 2.664878097813925 6.730167658999562 [[2.6419610305791434]] [[0.4375]] [[13]]
0 131826 0 10000 261826 2.9032238167631403 6.485836803998609 [[1.5605368412029144]] [[0.307]] [[6]]
0 57771 0 10000 187771 3.2033490374277944 7.8787445969992405 [[1.974955297911529]] [[0.331]] [[4]]
0 92041 0 35 92496 2.658560514877593 0.05042185300044366 [[1.2230416305141474]] [[0.283]] [[9]]
0 137065 0 10000 267065 3.2070910480055526 6.806245936999403 [[1.0819505334737378]] [[0.283]] [[13]]
0 132924 0 10000 262924 2.6994937087460986 6.46973127900128 [[1.6583178468294406]] [[0.307]] [[5]]
0 143423 0 10000 273423 2.9032238167631403 7.255273881999528 [[1.5605368412029144]] [[0.307]] [[6]]
0 183380 0 10000 313380 2.938118187334225 6.539120465999076 [[2.1737195711742943]] [[0.331]] [[3]]
0 165997 0 10000 295997 2.6994937087460986 7.217353661999368 [[1.6583178468294406]] [[0.307]] [[5]]
0 64365 0 10000 194365 2.909619184984757 6.443999757999336 [[0.8972868428923808]] [[0.263]] [[17]]

