0 15294 10000 145294 2.6994937087460986 5.216463869999984 [[1.6583178468294408]] [[0.307]] [[5]]
0 151425 10000 281425 3.2033490374277944 5.478074909999918 [[1.9749552979115288]] [[0.331]] [[4]]
0 297992 10000 427992 2.800157076097795 5.722782645999928 [[1.1808331120574045]] [[0.283]] [[10]]
0 439672 10000 569672 2.6994937087460986 5.624028047000024 [[1.6583178468294408]] [[0.307]] [[5]]
0 579299 10000 709299 2.6994937087460986 5.607852150000099 [[1.6583178468294406]] [[0.307]] [[5]]
0 718564 10000 848564 2.9032238167631403 5.5026680970000825 [[1.5605368412029144]] [[0.307]] [[6]]
0 863459 10000 993459 2.6994937087460986 5.551841482999976 [[1.6583178468294406]] [[0.307]] [[5]]
0 1013956 10000 1143956 2.800157076097795 5.474075749999997 [[1.1808331120574045]] [[0.283]] [[10]]
0 1159626 10000 1289626 2.6994937087460986 5.657130751999944 [[1.6583178468294408]] [[0.307]] [[5]]
0 1305674 10000 1435674 2.6994937087460986 5.680035697999983 [[1.6583178468294408]] [[0.307]] [[5]]
0 1439210 10000 1569210 3.029625331705663 8.626621121000085 [[2.7176366805307834]] [[0.4375]] [[12]]
0 1749868 10000 1879868 2.800157076097795 8.057810754999991 [[1.1808331120574043]] [[0.283]] [[10]]
0 1920418 10000 2050418 2.6994937087460986 5.82645366600002 [[1.6583178468294408]] [[0.307]] [[5]]
0 2061337 10000 2191337 2.909619184984757 7.20421387500005 [[0.8972868428923807]] [[0.263]] [[17]]
0 2227901 25 2228226 2.658559857745718 0.041045352999958595 [[1.2230413282078296]] [[0.283]] [[9]]
0 2239326 10000 2369326 3.2033490374277944 5.760834240000008 [[1.974955297911529]] [[0.331]] [[4]]
0 2379111 10000 2509111 2.909619184984757 6.384729633000006 [[0.8972868428923808]] [[0.263]] [[17]]
0 2518931 51 2519594 2.6585608904480216 0.06135530500000641 [[1.2230418032912074]] [[0.283]] [[9]]
0 2528357 10000 2658357 2.699493708746099 5.543006489000049 [[1.6583178468294413]] [[0.307]] [[5]]
0 2671077 10000 2801077 2.9032238167631403 5.561640589000035 [[1.5605368412029144]] [[0.307]] [[6]]
0 2810907 10000 2940907 2.800157076097795 6.707132078999962 [[1.1808331120574045]] [[0.283]] [[10]]
0 2964032 10000 3094032 2.6994937087460986 5.766447150999966 [[1.6583178468294408]] [[0.307]] [[5]]
0 3113779 10000 3243779 2.6994937087460986 6.955499499000098 [[1.6583178468294406]] [[0.307]] [[5]]
0 3254116 17 3254337 2.658561415748689 0.02706690799993794 [[1.2230420449500226]] [[0.283]] [[9]]
0 3267892 10000 3397892 2.938118187334225 5.708710936999978 [[2.1737195711742943]] [[0.331]] [[3]]
0 3408825 10000 3538825 2.6994937087460986 6.533557158000008 [[1.6583178468294406]] [[0.307]] [[5]]
0 3569936 10000 3699936 2.6994937087460986 7.045041820999927 [[1.6583178468294408]] [[0.307]] [[5]]
0 3708584 10000 3838584 3.2033490374277944 5.287891774999935 [[1.974955297911529]] [[0.331]] [[4]]
0 3847512 10000 3977512 2.800157076097795 6.3060914420000245 [[1.1808331120574045]] [[0.283]] [[10]]
0 4000726 10000 4130726 2.661164316973656 8.507431691000079 [[2.873616723632771]] [[0.4375]] [[12]]
0 4307551 72 4308487 2.658562071177671 0.07199527299997044 [[1.2230423464729434]] [[0.283]] [[9]]
0 4311819 23 4312118 2.6585593770914233 0.02401270999996541 [[1.2230411070880884]] [[0.283]] [[9]]
0 4318166 10000 4448166 2.9032238167631403 5.825613290000092 [[1.5605368412029144]] [[0.307]] [[6]]
0 4464169 10000 4594169 2.909619184984757 5.803675288000022 [[0.8972868428923807]] [[0.263]] [[17]]
0 4638533 100 4639833 2.658559681700753 0.12886239199997362 [[1.2230412472202727]] [[0.283]] [[9]]
0 4646559 20 4646819 2.658559205481492 0.03311898099991595 [[1.2230410281408204]] [[0.283]] [[9]]
0 4651801 18 4652035 2.6585626560761453 0.02803929499998503 [[1.2230426155490763]] [[0.283]] [[9]]
0 4658755 10000 4788755 2.6994937087460986 5.308556956000075 [[1.6583178468294406]] [[0.307]] [[5]]
0 4807860 10000 4937860 3.2033490374277944 6.207123305000096 [[1.9749552979115288]] [[0.331]] [[4]]
0 4957924 10000 5087924 2.9032238167631403 5.165312394000011 [[1.5605368412029144]] [[0.307]] [[6]]
0 5100406 10000 5230406 2.6994937087460986 7.454808992999915 [[1.6583178468294406]] [[0.307]] [[5]]
0 5253700 62 5254506 2.658561581371832 0.07446801500009315 [[1.2230421211431346]] [[0.283]] [[9]]
0 5263801 10000 5393801 2.800157076097795 5.340745414999901 [[1.1808331120574045]] [[0.283]] [[10]]
0 5408310 10000 5538310 2.800157076097795 5.689973636999866 [[1.1808331120574043]] [[0.283]] [[10]]
0 5571910 10000 5701910 2.910391082454443 8.44222875499986 [[2.2304476937272373]] [[0.394]] [[6]]
0 5880543 10000 6010543 2.909619184984757 5.241825181999957 [[0.8972868428923808]] [[0.263]] [[17]]
0 6028813 10000 6158813 2.6994937087460986 5.168554096999969 [[1.6583178468294406]] [[0.307]] [[5]]
0 6214404 1416 6232812 2.658560474784283 1.3473352179998983 [[1.2230416120696594]] [[0.283]] [[9]]
0 6220102 29 6220479 2.6585596573368795 0.048223740000139514 [[1.2230412360119396]] [[0.283]] [[9]]
0 6228330 10000 6358330 3.102540388995962 5.830566260000069 [[1.4823761855945654]] [[0.307]] [[7]]

