0 0 0 10000 130000 2.859301015529199 6.344358361999184 [[0.915603855043749]] [[0.263]] [[16]]
0 0 0 10000 130000 2.938118187334225 6.388910969999415 [[2.1737195711742943]] [[0.331]] [[3]]
0 0 0 10000 130000 2.9032238167631403 6.432266879999588 [[1.5605368412029144]] [[0.307]] [[6]]
0 0 0 10000 130000 2.9032238167631403 7.278901571999086 [[1.5605368412029144]] [[0.307]] [[6]]
0 0 0 10000 130000 2.9032238167631403 7.019815473999188 [[1.5605368412029144]] [[0.307]] [[6]]
0 0 0 88 1144 2.6585595102617936 0.06755362799958675 [[1.223041168351658]] [[0.283]] [[9]]
0 0 0 10000 130000 2.6994937087460986 6.888055076000455 [[1.6583178468294408]] [[0.307]] [[5]]
0 0 0 10000 130000 2.9386437398969405 6.46391158500046 [[1.1439076413240434]] [[0.283]] [[11]]
0 0 0 10000 130000 4.375061031808761 6.197026869000183 [[0.796591269305557]] [[0.244]] [[18]]
0 0 0 10000 130000 2.938118187334225 6.26244078200034 [[2.1737195711742943]] [[0.331]] [[3]]
0 0 0 32 416 2.658559949297706 0.02954018200034625 [[1.2230413703253185]] [[0.283]] [[9]]
0 0 0 10000 130000 2.859301015529199 7.6283389890013495 [[0.915603855043749]] [[0.263]] [[16]]
0 0 0 76 988 2.6585602293209125 0.05192055999941658 [[1.2230414991469258]] [[0.283]] [[9]]
0 0 0 10000 130000 2.859301015529199 6.209855238001182 [[0.915603855043749]] [[0.263]] [[16]]
0 0 0 10000 130000 2.938118187334225 6.142814229000578 [[2.1737195711742943]] [[0.331]] [[3]]
0 0 0 10000 130000 2.938118187334225 6.172277867999583 [[2.1737195711742943]] [[0.331]] [[3]]
0 0 0 10000 130000 2.938118187334225 6.535570420001022 [[2.1737195711742943]] [[0.331]] [[3]]
0 0 0 10000 130000 2.9032238167631403 6.60931461600012 [[1.5605368412029144]] [[0.307]] [[6]]
0 0 0 10000 130000 2.800157076097795 7.295204779000414 [[1.1808331120574043]] [[0.283]] [[10]]
0 0 0 10000 130000 3.102540388995962 6.9987973919996875 [[1.4823761855945654]] [[0.307]] [[7]]
0 0 0 10000 130000 3.2033490374277944 6.420333876998484 [[1.9749552979115288]] [[0.331]] [[4]]
0 0 0 10000 130000 2.9386437398969405 7.053235653000229 [[1.1439076413240434]] [[0.283]] [[11]]
0 0 0 10000 130000 2.6994937087460986 6.313594724999348 [[1.6583178468294406]] [[0.307]] [[5]]
0 0 0 10000 130000 2.938118187334225 6.6572666830015805 [[2.1737195711742943]] [[0.331]] [[3]]
0 0 0 10000 130000 2.6994937087460986 6.633080337000138 [[1.6583178468294408]] [[0.307]] [[5]]
0 0 0 10000 130000 2.6994937087460986 6.354521014000056 [[1.6583178468294406]] [[0.307]] [[5]]
0 0 0 10000 130000 2.9386437398969405 6.885652150000169 [[1.1439076413240434]] [[0.283]] [[11]]
0 0 0 10000 130000 2.909619184984757 6.449462620999839 [[0.8972868428923808]] [[0.263]] [[17]]
0 0 0 10000 130000 3.2070910480055526 7.335369075000926 [[1.0819505334737378]] [[0.283]] [[13]]
0 0 0 10000 130000 2.859301015529199 6.613827147000848 [[0.915603855043749]] [[0.263]] [[16]]
0 0 0 10000 130000 3.191377705123257 6.934621225998853 [[0.8499713259167757]] [[0.263]] [[20]]
0 0 0 10000 130000 2.859301015529199 6.445236662999378 [[0.915603855043749]] [[0.263]] [[16]]
0 0 0 10000 130000 3.2033490374277944 7.254044880000947 [[1.974955297911529]] [[0.331]] [[4]]
0 0 0 10000 130000 2.859301015529199 6.700674218000131 [[0.915603855043749]] [[0.263]] [[16]]
0 0 0 10000 130000 3.2033490374277944 6.41148532599982 [[1.974955297911529]] [[0.331]] [[4]]
0 0 0 10000 130000 2.859301015529199 6.916134285998851 [[0.915603855043749]] [[0.263]] [[16]]
0 0 0 10000 130000 2.909619184984757 6.310291036001217 [[0.8972868428923808]] [[0.263]] [[17]]
0 0 0 10000 130000 3.9597811512784946 6.934271850999721 [[2.449312983194384]] [[0.362]] [[3]]
0 0 0 38 494 2.6585595577733603 0.03201627599992207 [[1.2230411902088336]] [[0.283]] [[9]]
0 0 0 10000 130000 2.800157076097795 6.5980248949999805 [[1.1808331120574045]] [[0.283]] [[10]]
0 0 0 10000 130000 2.909619184984757 7.371773505999954 [[0.8972868428923807]] [[0.263]] [[17]]
0 0 0 10000 130000 2.859301015529199 6.664304670999627 [[0.915603855043749]] [[0.263]] [[16]]
0 0 0 67 871 2.658559994163732 0.049851947000206565 [[1.223041390965442]] [[0.283]] [[9]]
0 0 0 10000 130000 2.859301015529199 7.174782227999458 [[0.915603855043749]] [[0.263]] [[16]]
0 0 0 10000 130000 3.6262543050101783 6.28090168700146 [[2.8037634563334013]] [[0.362]] [[2]]
0 0 0 10000 130000 2.6994937087460986 6.377190975999838 [[1.6583178468294408]] [[0.307]] [[5]]
0 0 0 10000 130000 2.938118187334225 6.92596525099907 [[2.1737195711742943]] [[0.331]] [[3]]
0 0 0 10000 130000 2.859301015529199 6.468082924000555 [[0.915603855043749]] [[0.263]] [[16]]
0 0 0 10000 130000 2.909619184984757 6.982181882000077 [[0.8972868428923808]] [[0.263]] [[17]]
0 0 0 10000 130000 2.909619184984757 6.44999048200043 [[0.8972868428923807]] [[0.263]] [[17]]

