0 0 0 10000 130000 3.2033490374277944 4.973363095999957 [[1.974955297911529]] [[0.331]] [[4]]
0 0 0 30 390 2.6585620477334455 0.01801373899979808 [[1.223042335687684]] [[0.283]] [[9]]
0 0 0 29 377 2.6585599051204984 0.01670568400004413 [[1.223041350002078]] [[0.283]] [[9]]
0 0 0 10000 130000 2.6994937087460986 4.83275280000089 [[1.6583178468294408]] [[0.307]] [[5]]
0 0 0 10000 130000 2.938118187334225 4.85280606500055 [[2.1737195711742943]] [[0.331]] [[3]]
0 0 0 10000 130000 3.9597811512784946 4.8787750890005555 [[2.449312983194384]] [[0.362]] [[3]]
0 0 0 10000 130000 3.2033490374277944 4.873758768999323 [[1.9749552979115288]] [[0.331]] [[4]]
0 0 0 10000 130000 2.909619184984757 4.8713868529994215 [[0.8972868428923808]] [[0.263]] [[17]]
0 0 0 10000 130000 2.938118187334225 4.867071050999584 [[2.1737195711742943]] [[0.331]] [[3]]
0 0 0 10000 130000 2.6994937087460986 4.86480180000035 [[1.6583178468294408]] [[0.307]] [[5]]
0 0 0 10000 130000 2.909619184984757 4.870705220000673 [[0.8972868428923807]] [[0.263]] [[17]]
0 0 0 10000 130000 2.9032238167631403 4.898471638000046 [[1.5605368412029144]] [[0.307]] [[6]]
0 0 0 35 455 2.6585623915170364 0.019704899999851477 [[1.2230424938415578]] [[0.283]] [[9]]
0 0 0 10000 130000 2.859301015529199 4.960166725999443 [[0.915603855043749]] [[0.263]] [[16]]
0 0 0 10000 130000 2.6994937087460986 4.864857934000611 [[1.6583178468294406]] [[0.307]] [[5]]
0 0 0 10000 130000 2.909619184984757 4.94893439200132 [[0.8972868428923807]] [[0.263]] [[17]]
0 0 0 10000 130000 3.102540388995962 4.954191185999662 [[1.4823761855945654]] [[0.307]] [[7]]
0 0 0 29 377 2.6585601349313435 0.016936005999014014 [[1.2230414557240388]] [[0.283]] [[9]]
0 0 0 10000 130000 2.859301015529199 5.041318390000015 [[0.915603855043749]] [[0.263]] [[16]]
0 0 0 10000 130000 3.4693467952007895 4.894298973000332 [[1.8333860915341105]] [[0.331]] [[5]]
0 0 0 123 1599 2.6585626519428374 0.06921460199919238 [[1.2230426136475936]] [[0.283]] [[9]]
0 0 0 10000 130000 2.9032238167631403 4.884667812999396 [[1.5605368412029144]] [[0.307]] [[6]]
0 0 0 10000 130000 3.549238020886575 4.91135702199972 [[0.799853641203465]] [[0.263]] [[24]]
0 0 0 10000 130000 2.938118187334225 4.94199654699878 [[2.1737195711742943]] [[0.331]] [[3]]
0 0 0 23 299 2.6585598232060095 0.013955764999991516 [[1.2230413123182151]] [[0.283]] [[9]]
0 0 0 10000 130000 2.800157076097795 4.850075362001007 [[1.1808331120574045]] [[0.283]] [[10]]
0 0 0 10000 130000 2.800157076097795 4.862813785999606 [[1.1808331120574043]] [[0.283]] [[10]]
0 0 0 10000 130000 3.2033490374277944 4.887500463999459 [[1.9749552979115288]] [[0.331]] [[4]]
0 0 0 10000 130000 2.800157076097795 4.91450247299872 [[1.1808331120574045]] [[0.283]] [[10]]
0 0 0 10000 130000 2.938118187334225 4.856580387999202 [[2.1737195711742943]] [[0.331]] [[3]]
0 0 0 10000 130000 2.909619184984757 4.8654396000001725 [[0.8972868428923808]] [[0.263]] [[17]]
0 0 0 10000 130000 2.938118187334225 4.900143020999167 [[2.1737195711742943]] [[0.331]] [[3]]
0 0 0 10000 130000 3.461488723472597 4.898675280001044 [[0.8112816657794061]] [[0.263]] [[23]]
0 0 0 10000 130000 2.6994937087460986 4.911197209999955 [[1.6583178468294408]] [[0.307]] [[5]]
0 0 0 10000 130000 2.9032238167631403 4.951094760999695 [[1.5605368412029144]] [[0.307]] [[6]]
0 0 0 10000 130000 3.2033490374277944 4.9118017480013805 [[1.9749552979115288]] [[0.331]] [[4]]
0 0 0 10000 130000 2.9032238167631403 5.007821082001101 [[1.5605368412029144]] [[0.307]] [[6]]
0 0 0 10000 130000 2.859301015529199 4.956249402001049 [[0.915603855043749]] [[0.263]] [[16]]
0 0 0 10000 130000 2.6994937087460986 4.884155767998891 [[1.6583178468294406]] [[0.307]] [[5]]
0 0 0 10000 130000 3.487274465236974 4.9071686580009555 [[1.3632544989761577]] [[0.307]] [[9]]
0 0 0 10000 130000 2.6994937087460986 4.949219031999746 [[1.6583178468294406]] [[0.307]] [[5]]
0 0 0 10000 130000 2.859301015529199 4.968123774999185 [[0.915603855043749]] [[0.263]] [[16]]
0 0 0 10000 130000 2.9386437398969405 4.899165470000298 [[1.1439076413240434]] [[0.283]] [[11]]
0 0 0 38 494 2.6585620560375522 0.02124413099954836 [[1.2230423395078975]] [[0.283]] [[9]]
0 0 0 10000 130000 2.938118187334225 4.914013913999952 [[2.1737195711742943]] [[0.331]] [[3]]
0 0 0 10000 130000 2.6994937087460986 4.907923892000326 [[1.6583178468294406]] [[0.307]] [[5]]
0 0 0 10000 130000 2.909619184984757 4.9020860380005615 [[0.8972868428923808]] [[0.263]] [[17]]
0 0 0 10000 130000 3.6262543050101783 4.938044663000255 [[2.8037634563334013]] [[0.362]] [[2]]
0 0 0 10000 130000 3.9597811512784946 4.938474327000222 [[2.449312983194384]] [[0.362]] [[3]]
0 0 0 32 416 2.6585611648893903 0.018206737000582507 [[1.2230419295449513]] [[0.283]] [[9]]

