13 1448511 8387 283 1460577 2.658560381162971 0.6310165039994899 [[1.2230415690002008]] [[0.283]] [[9]]
8 1173998 8082 267 1185551 2.6585611596942993 0.43733533199883823 [[1.2230419271550068]] [[0.283]] [[9]]
4 467619 3536 73 472104 2.658559270755935 0.14247283800068544 [[1.2230410581696125]] [[0.283]] [[9]]
10 1495663 8705 327 1508619 2.658559262357746 0.5099153339997429 [[1.2230410543061176]] [[0.283]] [[9]]
14 1654120 12141 320 1670421 2.658560551844904 0.5827755209993484 [[1.2230416475205537]] [[0.283]] [[9]]
1 242107 1950 33 244486 2.6585601040946543 0.07397931100058486 [[1.223041441537958]] [[0.283]] [[9]]
1 173917 1062 22 175265 2.658560874658822 0.04706022800019127 [[1.2230417960275588]] [[0.283]] [[9]]
1 227183 2769 65 230797 2.6585607529753883 0.12118769100015925 [[1.2230417400484286]] [[0.283]] [[9]]
9 1227227 8814 293 1239850 2.658562554605653 0.4675377879993903 [[1.2230425688686886]] [[0.283]] [[9]]
5 721924 3718 132 727358 2.658560624398073 0.20070089399996505 [[1.223041680897844]] [[0.283]] [[9]]
6 746500 7026 158 755580 2.658560396847671 0.3161586049991456 [[1.2230415762157754]] [[0.283]] [[9]]
12 1434208 5981 213 1442958 2.6585593709629523 0.3388789000000543 [[1.2230411042687528]] [[0.283]] [[9]]
2 218244 946 27 219541 2.6585624118883238 0.051367152000239 [[1.2230425032131453]] [[0.283]] [[9]]
4 738081 6192 155 746288 2.6585626253949695 0.2835126099998888 [[1.223042601434538]] [[0.283]] [[9]]
5 445942 3361 95 450538 2.6585624964913652 0.1522534910000104 [[1.2230425421338473]] [[0.283]] [[9]]
0 96683 1035 18 97952 2.658560745044945 0.038618103999397135 [[1.2230417364001152]] [[0.283]] [[9]]
0 139870 928 15 140993 2.6585614878001467 0.0440962180000497 [[1.2230420780965061]] [[0.283]] [[9]]
30 3375997 17205 720 3402562 2.6585606124398877 1.0988747859992145 [[1.2230416753966118]] [[0.283]] [[9]]
4 487913 2970 118 492417 2.6585592178227277 0.16494754799896327 [[1.2230410338182707]] [[0.283]] [[9]]
15 1400217 9409 297 1413487 2.658561542665005 0.5357865340010903 [[1.223042103336483]] [[0.283]] [[9]]
14 1350812 8380 246 1362390 2.6585622867431264 0.4743499760006671 [[1.2230424456414686]] [[0.283]] [[9]]
14 1930063 13268 360 1948011 2.6585614480705626 0.700966188998791 [[1.2230420598193465]] [[0.283]] [[9]]
6 611860 2267 116 615635 2.6585600802005476 0.17818070100111072 [[1.2230414305457362]] [[0.283]] [[9]]
1 310040 1971 66 312869 2.658559416979755 0.13665252099963254 [[1.2230411254382785]] [[0.283]] [[9]]
10 1039688 5946 180 1047974 2.6585610816641085 0.35111147399948095 [[1.2230418912580725]] [[0.283]] [[9]]
3 435087 1966 72 437989 2.6585598027061987 0.11042340899984993 [[1.2230413028875018]] [[0.283]] [[9]]
2 337756 2244 64 340832 2.658560026971087 0.11567332499907934 [[1.223041406058106]] [[0.283]] [[9]]
9 1182060 5631 207 1190382 2.6585592512654297 0.34308782600055565 [[1.223041049203219]] [[0.283]] [[9]]
27 2804668 14495 463 2825182 2.6585605302867883 0.8378491429994028 [[1.2230416376029787]] [[0.283]] [[9]]
13 1489689 8893 253 1501871 2.6585601329695643 0.48392357699958666 [[1.223041454821544]] [[0.283]] [[9]]
5 490426 2354 73 493729 2.658562531486055 0.1374528639989876 [[1.2230425582327706]] [[0.283]] [[9]]
16 1804615 11580 341 1820628 2.6585593498352567 0.6026769449999847 [[1.2230410945491879]] [[0.283]] [[9]]
2 395350 2227 62 398383 2.6585624028708796 0.12564397300047858 [[1.223042499064769]] [[0.283]] [[9]]
4 540234 1985 88 543363 2.6585601699325374 0.18800941900008183 [[1.2230414718259546]] [[0.283]] [[9]]
12 1124094 8406 246 1135698 2.6585623431123397 0.5960553019995132 [[1.2230424715735073]] [[0.283]] [[9]]
21 2389081 15297 487 2410709 2.6585604303448065 0.8483346630000597 [[1.223041591625765]] [[0.283]] [[9]]
1 143227 657 24 144196 2.6585617472757215 0.04211663900059648 [[1.2230421974654009]] [[0.283]] [[9]]
6 910691 4311 161 917095 2.6585594558942374 0.2702119709992985 [[1.2230411433404595]] [[0.283]] [[9]]
3 445604 2414 82 449084 2.658560673379146 0.13097652200121956 [[1.2230417034310497]] [[0.283]] [[9]]
4 410350 2594 80 413984 2.658561585815731 0.1509091920015635 [[1.223042123187502]] [[0.283]] [[9]]
2 379710 3013 82 383789 2.6585609118492934 0.1567367439984082 [[1.2230418131366279]] [[0.283]] [[9]]
15 1821064 8852 292 1833712 2.658562047213235 0.5520173899985821 [[1.223042335448367]] [[0.283]] [[9]]
6 614212 3445 129 619334 2.6585617698916164 0.18944361399917398 [[1.2230422078695955]] [[0.283]] [[9]]
0 97254 806 13 98229 2.658559202235095 0.03648444000100426 [[1.2230410266473508]] [[0.283]] [[9]]
8 750104 4033 114 755619 2.658560145493818 0.22790127799999027 [[1.2230414605831896]] [[0.283]] [[9]]
11 1289890 6616 225 1299431 2.658560404567427 0.3888174089988752 [[1.2230415797671643]] [[0.283]] [[9]]
0 41546 806 10 42482 2.6585613946442943 0.028992915998969693 [[1.223042035241177]] [[0.283]] [[9]]
3 590723 2606 113 594798 2.6585594581810783 0.16623429100036446 [[1.2230411443924958]] [[0.283]] [[9]]
41 4126742 25075 903 4163556 2.6585612864096144 1.529291134000232 [[1.223041985448999]] [[0.283]] [[9]]
9 1214095 5959 206 1222732 2.6585618815006216 0.33029379899926425 [[1.2230422592140953]] [[0.283]] [[9]]

