0 12 156 3.742598205659837e-11 0.00700978299983035 [6.117677832037118e-06]
1 28 364 2.0446989246877374e-11 0.014657832000011695 [4.5218347213136145e-06]
1 26 338 2.0925662293056768e-11 0.013383101999806968 [4.574457595503184e-06]
0 14 182 2.8447676590118473e-12 0.007318129999930534 [-1.6866439040330496e-06]
2 41 533 1.1458482582831503e-11 0.0203662029998668 [3.3850380474717713e-06]
1 13 169 9.313490606435557e-12 0.00709916499999963 [3.051801206899879e-06]
6 66 858 2.8013663918085322e-11 0.033590693000405736 [5.2927935835516316e-06]
3 59 767 9.369923266549953e-11 0.03024842200011335 [9.679836396628795e-06]
1 15 195 8.205546617628167e-11 0.008235806999891793 [-9.058447227658925e-06]
6 71 923 2.3092439005340957e-11 0.04339288800019858 [-4.805459291820185e-06]
1 24 312 6.275410881892832e-11 0.01815262999980405 [-7.921749100983212e-06]
4 78 1014 4.8776817918703904e-11 0.05788240500032771 [-6.984040228886422e-06]
2 27 351 8.215173636316951e-11 0.01677954899969336 [9.063759504927826e-06]
3 29 377 4.3344213601522605e-11 0.021251724000194372 [-6.583632249869566e-06]
0 16 208 4.27828134751363e-11 0.010301959000116767 [-6.540857243139946e-06]
0 16 208 8.281983485326637e-11 0.010120814999936556 [9.10054036050972e-06]
0 22 286 4.3982720144433366e-11 0.015164193000146042 [6.6319469346816525e-06]
1 31 403 4.060696247925564e-11 0.017310248000285355 [-6.37235925535085e-06]
0 18 234 6.303964608426276e-12 0.010445272000197292 [2.5107697242929858e-06]
0 22 286 5.600304091681532e-11 0.01185142199983602 [-7.48351795059084e-06]
6 87 1131 1.5202537618369938e-11 0.047133501000189426 [3.899043167030847e-06]
1 31 403 3.0725966137076556e-11 0.017225602000053186 [5.543100769161296e-06]
3 57 741 1.8551806443774898e-11 0.03396299899986843 [4.307180799986796e-06]
0 19 247 9.391989923535634e-12 0.014966394999646582 [3.064635365510167e-06]
3 33 429 7.841130590305242e-11 0.024833374000081676 [8.855015861253577e-06]
1 41 533 3.162130076898527e-12 0.024864081000032456 [-1.7782379134689843e-06]
0 18 234 5.054242184534341e-14 0.013149908999821491 [-2.2481641809561731e-07]
0 14 182 9.17213175463007e-13 0.01024219400005677 [-9.57712470140703e-07]
0 17 221 1.3262188663024126e-11 0.011356682000041474 [-3.641728801410688e-06]
3 50 650 5.8733629217326325e-12 0.027960613000232115 [2.423502201718132e-06]
3 51 663 3.1602443906118304e-11 0.03414767300000676 [-5.621605100513403e-06]
2 23 299 4.3264234577361644e-13 0.018540968999786855 [6.577555364826787e-07]
0 14 182 9.525208348267166e-11 0.011704934000135836 [9.759717387438617e-06]
0 28 364 4.324128681212988e-12 0.022476673999790364 [2.0794539382282522e-06]
0 17 221 5.617550046538109e-12 0.017841604000295774 [-2.3701371366522463e-06]
2 28 364 8.629224745186568e-11 0.029728958000305283 [9.289362058390537e-06]
0 22 286 8.565830688742725e-11 0.01819310500013671 [9.255177301782351e-06]
1 38 494 2.3818772656900404e-14 0.030433215999892127 [-1.5433331674301697e-07]
2 36 468 3.4715957058618596e-11 0.020078933000149846 [-5.892024869144613e-06]
5 75 975 8.286867404923275e-11 0.0368451899998945 [9.103223278006135e-06]
2 30 390 8.428744844124483e-11 0.01485722799998257 [9.180819595289128e-06]
0 10 130 9.698607033562817e-11 0.005874076000054629 [-9.8481506048409e-06]
1 21 273 5.843530559345832e-11 0.012860380999882182 [-7.644298894827329e-06]
1 30 390 3.870888437275847e-11 0.025214691999735805 [-6.221646435852689e-06]
0 16 208 6.57159192144733e-11 0.013256621999971685 [8.10653558645574e-06]
0 16 208 7.757948531631282e-12 0.009705080000003363 [2.7853094139846084e-06]
3 53 689 2.977465616969309e-11 0.0299272390002443 [-5.456615816574692e-06]
2 33 429 3.832627356153953e-11 0.0174243189999288 [-6.190821719411692e-06]
1 22 286 2.4280349945250044e-11 0.012159157000041887 [4.927509507372872e-06]
0 21 273 8.807976402806793e-11 0.012295740999888949 [9.385081993678475e-06]

