0 16 208 6.092290302085445e-11 0.03402217499933613 [7.805312487072792e-06]
0 25 325 3.780876434190146e-12 0.04759111600014876 [-1.944447591011428e-06]
0 28 364 5.169589039233995e-11 0.05344542999955593 [-7.189985423652815e-06]
0 17 221 1.6178141263303713e-12 0.03395313300006819 [-1.271933224006029e-06]
0 27 351 2.7003527728567984e-13 0.05267506299969682 [5.196491867459044e-07]
0 19 247 7.226625327916936e-11 0.041628962999311625 [8.500956021481899e-06]
0 12 156 5.6633137268582014e-11 0.021441009000227496 [7.525499137504569e-06]
0 19 247 7.476080782002271e-11 0.03229369500058965 [-8.646433242674271e-06]
0 31 403 6.378524028157037e-11 0.048830101000021386 [7.986566238476356e-06]
0 17 221 2.1891865666340332e-13 0.03150745299990376 [-4.678874401641952e-07]
0 15 195 2.613414834092422e-11 0.025160954000057245 [5.112156916696143e-06]
0 17 221 1.5808012238856335e-11 0.02506746800008841 [3.97592910385187e-06]
0 13 169 5.3576646101321095e-11 0.021720521000133886 [7.319606963582204e-06]
0 13 169 8.235788696748576e-11 0.0235429069998645 [-9.075124625452025e-06]
0 20 260 3.724050211439967e-11 0.03242873499948473 [6.102499661155228e-06]
0 16 208 3.125405181055529e-11 0.02861967100034235 [-5.590532336956409e-06]
0 18 234 4.3572305650641584e-12 0.02811699499943643 [-2.087398037046159e-06]
0 16 208 7.071484816645734e-11 0.026723205000052985 [-8.40921210140744e-06]
0 22 286 7.782728116009462e-14 0.03334024900050281 [2.789754131820484e-07]
0 20 260 1.6352909389270963e-12 0.029603946999486652 [1.2787849463170484e-06]
0 23 299 1.2325111151117099e-11 0.038739117999284645 [-3.5107137666174238e-06]
0 18 234 5.1361494818987505e-11 0.040034259999629285 [-7.166693436933626e-06]
0 17 221 1.4066577454215674e-11 0.031584155000018654 [3.7505436211588946e-06]
0 26 338 1.3074557328937554e-11 0.038178388999767776 [3.6158757347200905e-06]
0 37 481 3.989612113787437e-11 0.06571872899985465 [6.316337636468966e-06]
0 13 169 9.991645989138573e-14 0.02190368900028261 [3.1609564990898835e-07]
0 23 299 1.6712976394370957e-11 0.04062404999967839 [-4.08815073038788e-06]
0 13 169 5.070188900584101e-12 0.021792039000501973 [2.2517079962961674e-06]
0 24 312 2.0484594053750383e-11 0.036847680999926524 [-4.525990947157361e-06]
0 14 182 4.720361684164388e-12 0.022936892999496195 [-2.1726393359608465e-06]
0 19 247 5.1109642690573174e-11 0.029483697000614484 [-7.149100830913855e-06]
0 15 195 8.762640348636166e-11 0.023506847999669844 [-9.36089757909794e-06]
0 13 169 1.8083314260217573e-12 0.021470566999596485 [-1.3447421410894199e-06]
0 20 260 2.2147129491485423e-13 0.03403222100041603 [-4.7060736810514796e-07]
0 20 260 6.995120626557153e-11 0.03529392199925496 [8.363683773647323e-06]
0 29 377 3.874025831816354e-13 0.04756558200006111 [6.224167279095537e-07]
0 16 208 2.1399340069178128e-11 0.023274480000509357 [-4.625942073694625e-06]
0 14 182 8.032585911263381e-11 0.024828202999742643 [8.962469476245585e-06]
0 18 234 4.160212580211317e-11 0.031712354999399395 [6.449970992346646e-06]
0 15 195 5.648665450112619e-13 0.029056322000542423 [-7.51576040737903e-07]
0 20 260 1.5737069129230634e-11 0.03232291200038162 [3.966997495490845e-06]
0 14 182 9.927539682817622e-11 0.023436956999830727 [9.963703971323928e-06]
0 19 247 2.619091984716486e-12 0.03060472299966932 [1.6183608944597266e-06]
0 23 299 1.272887166450549e-11 0.041116860999864 [3.5677544288397275e-06]
0 29 377 1.3138629309965154e-11 0.03922049100037839 [-3.6247247219568486e-06]
0 23 299 7.763717360353453e-12 0.032668141000613105 [2.786344802847173e-06]
0 14 182 8.709579735324268e-12 0.026794716000040353 [-2.951199711189378e-06]
0 17 221 7.006979228557513e-11 0.030636538000180735 [8.37077011305263e-06]
0 61 793 6.627433596541181e-11 0.08692594999956782 [-8.140905107259991e-06]
0 21 273 8.025751842640592e-11 0.0297786190003535 [8.95865606139704e-06]

