0 19 247 1.281765057468334e-13 0.028013860999635654 [-3.580174657008138e-07]
0 20 260 9.377791345335699e-11 0.03055177399983222 [9.683899702772484e-06]
0 19 247 1.1815979589520803e-11 0.02787433399953443 [3.4374379397337203e-06]
0 18 234 4.066187370886464e-11 0.02817481600050087 [-6.376666347619628e-06]
0 20 260 1.5149739232510872e-11 0.028707274999760557 [-3.892266593196164e-06]
0 15 195 5.665635031440078e-11 0.02560706999975082 [-7.527041272266333e-06]
0 17 221 4.92214600793157e-11 0.02394955999989179 [7.015800743986085e-06]
0 16 208 7.951793344274724e-11 0.025716188999467704 [8.917282850888337e-06]
0 21 273 7.732186905892085e-11 0.03864964100012003 [-8.793285453055692e-06]
0 15 195 3.544288445554592e-11 0.03499132700017071 [5.95339268447378e-06]
0 12 156 1.1001336055542431e-11 0.030030680999516335 [3.31682620219125e-06]
0 26 338 2.9449608174912115e-11 0.04245467500004452 [-5.42674931933585e-06]
0 22 286 9.61569858771794e-13 0.03443311699993501 [9.805966850707757e-07]
0 10 130 1.1612001033850821e-11 0.016388342999562155 [-3.407638630173514e-06]
0 18 234 6.137197972194164e-11 0.030945294999582984 [7.834027043733104e-06]
0 19 247 6.083156423918775e-11 0.03307741100070416 [7.799459227355942e-06]
0 23 299 2.4150108749801598e-11 0.036782506000236026 [-4.914276014816587e-06]
0 18 234 3.4351532546860874e-12 0.027719781000087096 [1.8534166435764214e-06]
0 25 325 7.558962061843731e-11 0.04230910800015408 [8.694229156080332e-06]
0 19 247 1.2881855651451637e-11 0.03326199599996471 [-3.5891302082052746e-06]
0 20 260 2.9106004007368386e-11 0.03352020700003777 [5.394998054436015e-06]
0 23 299 5.655405371588768e-13 0.038948493000134476 [-7.520242929313366e-07]
0 27 351 9.65070053266736e-11 0.044753590999789594 [9.823797907462959e-06]
0 15 195 2.2707473333060645e-11 0.024790906000816904 [4.765235915782202e-06]
0 20 260 6.094563260320055e-12 0.04135877099997742 [-2.4687169259192222e-06]
0 15 195 4.0335767855789545e-11 0.02874345399959566 [6.351044627129426e-06]
0 19 247 6.434097564193253e-11 0.034504692000155046 [-8.02128266812313e-06]
0 15 195 8.50745493148881e-12 0.02822241000012582 [2.9167541774185925e-06]
0 21 273 5.655133839539009e-12 0.0457229660005396 [2.3780525308619675e-06]
0 17 221 1.7203622248248884e-12 0.03250686299998051 [1.311625794510343e-06]
0 20 260 7.636865868150552e-12 0.032152273999599856 [2.763487989507201e-06]
0 27 351 6.146625391792798e-11 0.04469817700010026 [7.84004170383857e-06]
0 18 234 2.4451403126790066e-11 0.025683917000606016 [-4.9448360060562235e-06]
0 19 247 1.2175045418806746e-11 0.030542288000106055 [3.489275772822599e-06]
0 28 364 8.073942784888479e-13 0.05443050099984248 [-8.985512108326647e-07]
0 22 286 6.65054473304869e-11 0.05277663799915899 [-8.15508720557217e-06]
0 23 299 3.957074661604015e-11 0.0452849260000221 [6.290528325668691e-06]
0 23 299 2.545858643480207e-11 0.03157462799936184 [5.0456502489572215e-06]
0 26 338 3.540235328651689e-12 0.04734172699954797 [1.8815513090669861e-06]
0 25 325 2.802342507302432e-11 0.034689000000071246 [5.293715620717108e-06]
0 26 338 7.959437847417886e-12 0.04072382199956337 [-2.8212475693242318e-06]
0 21 273 9.464705566161477e-11 0.03575183399971138 [9.728671834408578e-06]
0 16 208 6.459870250482875e-13 0.02712909399997443 [-8.037331802584036e-07]
0 24 312 3.2427559571611883e-11 0.047612628000024415 [-5.694520135324124e-06]
0 24 312 3.653406787593333e-11 0.04389349999928527 [6.044341806676169e-06]
0 15 195 5.6050720831681055e-11 0.03186985699994693 [7.48670293464894e-06]
0 62 806 2.5497977735096554e-11 0.10054708700045012 [-5.049552231148476e-06]
0 18 234 8.085973965742418e-13 0.02566320900041319 [8.992204382542924e-07]
0 21 273 8.167147422747437e-12 0.030081572999733908 [-2.857822146801203e-06]
0 23 299 3.8825924387513614e-11 0.03667443899939826 [-6.231045208270729e-06]

