2 35 455 2.1642649285203e-11 0.019819729999653646 [4.6521660852986535e-06]
0 8 104 5.828354096467267e-13 0.004487418999815418 [7.634365786669687e-07]
2 38 494 1.4108624606954553e-11 0.028395016999638756 [-3.7561449129332793e-06]
0 22 286 1.7950864532545313e-11 0.013898233999952936 [-4.236846059576075e-06]
2 35 455 1.0471818391248909e-11 0.022743471000012505 [-3.2360189108299273e-06]
0 21 273 1.478061489904785e-11 0.013715527999920596 [3.844556528267968e-06]
0 15 195 1.0288323673916675e-11 0.009923653999976523 [3.207541687011515e-06]
2 41 533 2.7550872263232766e-11 0.027939623999827745 [-5.248892479679191e-06]
3 48 624 6.210111684952173e-12 0.030663723000088794 [-2.4920095675884098e-06]
0 19 247 6.73580230923084e-11 0.013451071999952546 [-8.207193374857716e-06]
3 38 494 8.396727522919652e-11 0.02580614999988029 [9.163365933389134e-06]
1 31 403 8.923830628632238e-11 0.0192740459997367 [9.446602896614337e-06]
0 16 208 2.9306436682200526e-14 0.01675346100000752 [-1.711912284032115e-07]
0 13 169 1.8740692743810975e-12 0.014570669000022463 [-1.368966498633585e-06]
0 14 182 2.031102410907305e-11 0.01588899999978821 [-4.506775355958299e-06]
1 23 299 7.592491928765109e-11 0.02346235799996066 [8.713490648853138e-06]
0 17 221 6.78235806852093e-11 0.017352514999856794 [8.235507311951662e-06]
0 17 221 7.053194300692207e-12 0.016063832999861916 [2.6557850629695557e-06]
0 15 195 2.109711713358936e-11 0.009956604000308289 [-4.593159820166217e-06]
3 38 494 1.1847124144965067e-11 0.022140018999834865 [3.4419651574304274e-06]
3 34 442 5.683294678238547e-11 0.02469066899993777 [7.5387629477511404e-06]
0 18 234 8.688801302341807e-11 0.013188628000079916 [9.32137398796004e-06]
0 17 221 8.854162120834392e-11 0.013116550000177085 [-9.409655743349165e-06]
3 49 637 1.1746330533996472e-12 0.0375084400002379 [1.0838048963718734e-06]
0 18 234 5.5583444912176325e-12 0.013203876999796194 [2.357614152319593e-06]
0 13 169 6.724114430492861e-12 0.010743480000201089 [-2.593089745938783e-06]
1 26 338 4.130400409597805e-12 0.01776305199973649 [2.0323386552437085e-06]
4 54 702 2.9842527979792514e-12 0.045392938000077265 [-1.7274990008620125e-06]
1 28 364 8.132652051860024e-11 0.01612846299985904 [-9.018121784418319e-06]
1 27 351 8.248727222170322e-11 0.014644109000073513 [-9.082250394131579e-06]
0 16 208 7.101860369300841e-11 0.008561829999962356 [8.427253626953944e-06]
1 12 156 7.474998460514041e-11 0.007392963999791391 [-8.645807342587528e-06]
0 18 234 2.0236842511901845e-11 0.010962403000121412 [4.498537819325502e-06]
0 21 273 3.4762393808429742e-12 0.01849686000014117 [1.8644675864286229e-06]
3 61 793 3.60322546964989e-11 0.0456340050000108 [-6.002687289581134e-06]
1 26 338 2.9041190637165123e-12 0.025764746999811905 [-1.7041476061998011e-06]
3 43 559 5.178581171498047e-13 0.03655434600023 [7.19623594075267e-07]
2 47 611 1.1270146509678002e-12 0.047203396999975666 [1.0616094625462794e-06]
1 31 403 5.153490643177374e-12 0.02060394999989512 [2.270130093888316e-06]
0 18 234 5.1186214735803565e-11 0.010646363999967434 [-7.154454188532034e-06]
1 29 377 5.924225467154482e-13 0.016816420000395738 [7.696899029579693e-07]
2 44 572 6.681078402747162e-11 0.023594572999627417 [-8.173786394778837e-06]
0 7 91 5.1281932229254277e-11 0.004359878000286699 [-7.161140427980328e-06]
1 28 364 9.309440762757203e-13 0.014218473999790149 [9.648544326869833e-07]
2 31 403 1.6526941310199568e-12 0.02218530499976623 [-1.2855715192162422e-06]
2 31 403 4.280041558533251e-12 0.024703005999981542 [-2.06882613057097e-06]
3 60 780 2.981849048309633e-13 0.04596760799995536 [-5.460630960163517e-07]
0 16 208 2.7256590859533544e-11 0.013088634999803617 [-5.220784506138282e-06]
6 79 1027 2.668951572968935e-13 0.05608647600001859 [5.166189672252592e-07]
0 14 182 5.226811751325488e-12 0.01006161500026792 [-2.2862221570366884e-06]

