0 23 299 9.172898366472604e-11 0.04005101799975819 [-9.57752492373296e-06]
0 21 273 1.3072745650923117e-11 0.03773884000020189 [-3.6156252088571234e-06]
0 21 273 6.831159621529929e-11 0.03195163300006243 [-8.26508295271737e-06]
0 15 195 1.8960816416610395e-13 0.02921699099988473 [-4.354401958548429e-07]
0 28 364 8.239278037931825e-11 0.03946382999947673 [9.077046897494705e-06]
0 18 234 1.50024214153652e-12 0.026991658000042662 [-1.2248437212708077e-06]
0 13 169 4.706339097847632e-11 0.019390436000321642 [-6.860276304820114e-06]
0 11 143 6.029162635592672e-11 0.01691938499971002 [-7.764768274451384e-06]
0 18 234 5.4701167953682776e-11 0.03157265499976347 [-7.396023793477329e-06]
0 28 364 8.384643082264453e-11 0.043909295999583264 [-9.156769671813556e-06]
0 23 299 5.5623562388714735e-11 0.03668319300049916 [7.458120566785893e-06]
0 19 247 2.3598025413800395e-13 0.02880247499979305 [4.857779885276853e-07]
0 21 273 3.644682385698717e-12 0.03056170200034103 [1.9091051269374133e-06]
0 25 325 1.1886289522456017e-11 0.03689690499959397 [-3.447649854967296e-06]
0 29 377 1.0225883949510051e-12 0.05415334999997867 [1.0112311283534567e-06]
0 27 351 3.3538576634394775e-12 0.048849001999769825 [1.8313540519078984e-06]
0 19 247 7.233404807237313e-11 0.030843528999866976 [8.504942567258943e-06]
0 26 338 7.058563439913227e-11 0.0391465929997139 [-8.401525718530669e-06]
0 32 416 4.4614328299642085e-11 0.051226576999397366 [-6.679395803487175e-06]
0 478 6214 6.972961952889502e-12 0.6765573729999232 [-2.6406366567344137e-06]
0 17 221 9.025333585225743e-13 0.026065224999911152 [9.500175569549093e-07]
0 19 247 7.343849983313408e-11 0.029871912999624328 [8.569626586563388e-06]
0 32 416 1.3061409451082323e-11 0.05447704900052486 [-3.614057200859212e-06]
0 19 247 5.196847031389099e-11 0.04508787699978711 [7.20891602904979e-06]
0 19 247 8.556256338267999e-11 0.035846125999341893 [-9.250003426090176e-06]
0 23 299 3.449329319691226e-11 0.0517377200003466 [5.873099113493e-06]
0 15 195 3.826804820524094e-11 0.027632703000563197 [6.186117377260226e-06]
0 27 351 1.0988510628600082e-11 0.04425101299966627 [3.3148922499230774e-06]
0 32 416 2.812202607639599e-12 0.04596878799929982 [1.6769623155096834e-06]
0 17 221 3.2145608288542994e-11 0.024387284999647818 [5.669709718190429e-06]
0 19 247 2.9428784070939524e-11 0.028568699000061315 [-5.424830326465476e-06]
0 22 286 4.025550172616678e-11 0.03098130000034871 [6.344722352173244e-06]
0 17 221 6.921422519871888e-12 0.02861377600038395 [2.6308596541571518e-06]
0 24 312 8.75255175937121e-12 0.05185304500082566 [2.958471186165451e-06]
0 17 221 6.85295421447256e-11 0.043155702000149176 [8.278257192472676e-06]
0 22 286 9.093094035930861e-11 0.0554418120000264 [-9.53577161845378e-06]
0 27 351 9.52756641326147e-11 0.06807605300036812 [9.760925372761268e-06]
0 20 260 7.2742113846487096e-12 0.05000047099929361 [2.697074597531316e-06]
0 22 286 2.3669111288308905e-11 0.05475607700009277 [-4.865091087359918e-06]
0 25 325 4.433552563146175e-11 0.06119133099946339 [-6.658492744717963e-06]
0 18 234 1.1187499007946185e-13 0.04737506600031338 [3.3447718917657427e-07]
0 20 260 1.9666634208483762e-11 0.048833980000381416 [-4.434707905655542e-06]
0 29 377 6.362129848201622e-12 0.05230096400009643 [2.522326277110402e-06]
0 34 442 2.243436171423511e-11 0.04744199499964452 [4.736492554014533e-06]
0 22 286 4.3241695206399745e-12 0.03340688200023578 [-2.0794637579529907e-06]
0 26 338 1.5381930644547381e-12 0.04277577900029428 [1.240239115838046e-06]
0 32 416 5.8085040415455136e-11 0.049962820000473585 [-7.621354237630943e-06]
0 34 442 4.581486022232228e-11 0.049627518000306736 [6.7686675366959986e-06]
0 31 403 5.997490672443312e-11 0.0462115439995614 [7.744346759051607e-06]
0 23 299 7.298376549514101e-11 0.03392332599923975 [8.543053639954569e-06]

