0 131 1703 8.868791181183757e-11 0.20090915899982065 [-6.1954531162294e-07, 1.2754427718474202e-08, -9.310065582713463e-08]
0 152 1976 3.3030563799203526e-11 0.23118527999940852 [4.2029900851143644e-06, 2.144634980897323e-08, 3.281155123176198e-08]
0 232 3016 8.024456115623754e-11 0.37916449300064414 [4.342287838782362e-07, 1.7187628466912362e-09, 8.945751229620546e-08]
0 160 2080 7.828945220899991e-11 0.2611206530000345 [1.4186294014319678e-06, -1.0142662221606892e-08, 8.674572431017945e-08]
0 132 1716 4.17546064137171e-11 0.2190292290006255 [2.233151823875375e-06, -6.061836046365881e-08, 1.4759096252293565e-09]
0 168 2184 7.02622446594568e-11 0.2512628569993467 [4.3464769325092375e-06, -7.974904839205581e-09, 7.122807863664304e-08]
0 213 2769 6.792973338380738e-11 0.3234613029999309 [-3.708922379459713e-07, -2.882131316942643e-08, -7.712683800308248e-08]
0 189 2457 6.182514375008185e-11 0.286898643999848 [-4.745977034958583e-06, 6.203432623318007e-08, 9.045824570935819e-09]
0 137 1781 8.616813912805246e-11 0.23472175400002016 [4.070880893961481e-06, -6.573591195233158e-08, -5.1365325535019174e-08]
0 261 3393 8.34097088072526e-11 0.5678578609995384 [8.60829806084621e-06, -3.0174316814526335e-08, 4.4946562788484255e-09]
0 174 2262 1.5102704144526524e-11 0.2647029649997421 [-1.3364815570133583e-06, -1.7909303510049458e-08, -3.1794794652802795e-08]
0 259 3367 9.468248996759625e-11 0.44388976200025354 [8.145714330364749e-07, -9.679073744246104e-08, 5.783552554640291e-09]
0 213 2769 6.545659238942369e-11 0.39307776399982686 [-2.0045218164317695e-06, -4.183224623926999e-08, -6.628658719729323e-08]
0 151 1963 7.24829629584604e-11 0.2290872280000258 [-5.372714928647216e-06, 5.6637928243332115e-08, -3.396814404259286e-08]
0 161 2093 6.131219668408009e-11 0.4698471100000461 [3.172815909640502e-06, 7.074799243014897e-08, -1.0920858751252338e-08]
0 140 1820 1.731950020525275e-11 0.4477532239998254 [-3.0002122920976297e-07, -4.113795465177605e-08, -5.533302250558736e-09]
0 213 2769 7.043946688375838e-11 0.5491608400006953 [-5.200672862328634e-06, 7.496449076079507e-09, 6.544501598692932e-08]
0 202 2626 9.839878852157982e-11 0.3419632750001256 [-3.292256346045737e-06, -3.3891745743188036e-08, -8.722002773348123e-08]
0 172 2236 9.396256009591181e-11 0.2768865329999244 [-5.896268555770761e-06, -6.328219368902285e-08, -4.3760960722075965e-08]
0 290 3770 4.8928350175811943e-11 0.4658542879997185 [3.770664596736356e-07, -3.486414656291384e-08, -6.05236184519711e-08]
0 162 2106 9.664483642137967e-11 0.2622782059997917 [-1.7768781005774847e-06, 5.1687200256889015e-08, 8.171405872498951e-08]
0 201 2613 6.593089846421411e-11 0.3200377529992693 [5.199175021179852e-06, -4.3273355498874464e-08, -4.491508054321389e-08]
0 150 1950 3.56444687813887e-11 0.2291781270005231 [1.9402091790923537e-07, 3.750235858183583e-08, -4.6413958754663886e-08]
0 209 2717 9.549997912274306e-11 0.3228618290004306 [-3.620952627943241e-06, -3.4056558902852667e-08, -8.41369057821235e-08]
0 214 2782 4.1860753143359835e-11 0.3125336809998771 [8.490270975143449e-07, -5.5593586558352315e-08, -3.1989744398535125e-08]
0 231 3003 9.499009323886157e-11 0.3391218309998294 [-4.461919044513316e-06, 8.884722522378404e-09, -8.619280059034766e-08]
0 117 1521 8.941246228856329e-11 0.1630864090002433 [-1.5687380473423736e-09, 9.617716155028128e-10, -9.455327058395196e-08]
0 239 3107 9.480587057514036e-11 0.3537040840001282 [-9.14336853226655e-06, 3.144651976512897e-08, 1.1471034848311337e-08]
0 159 2067 6.250528800628538e-11 0.25251187899993965 [-5.976934800937526e-06, 1.4807442858431691e-09, 5.172969394383336e-08]
0 193 2509 7.148022503346907e-11 0.2896058369997263 [8.302568394265839e-06, 1.0313441842122369e-08, 1.2181593761485542e-08]
0 254 3302 2.4773605429584854e-11 0.37605707599959715 [4.39631684306984e-06, -2.2095898834993342e-08, -7.508103566565151e-09]
0 125 1625 6.711679692443704e-11 0.1894099589999314 [-7.429043020840662e-07, 7.970612552709505e-08, -1.7419028839093427e-08]
0 164 2132 9.32105024740157e-11 0.2549164940000992 [-5.161370988555231e-06, -4.502485198210243e-08, -6.804291221899144e-08]
0 143 1859 9.83089515251605e-11 0.21697536100055004 [-9.905166153203456e-06, 4.426842340973395e-09, 2.580060996944544e-10]
0 130 1690 6.148455188454216e-11 0.19140265399983036 [-5.166493792931911e-06, 5.761437971222469e-08, -1.2640119761672071e-08]
0 116 1508 9.995986377600953e-11 0.1878396669999347 [-2.297786964461002e-07, -5.5592533537216446e-08, -8.306730263816427e-08]
0 218 2834 4.6886589293189135e-11 0.3393807559996276 [-6.6566150119823865e-06, 1.3226229415519555e-08, -9.092493771899564e-09]
0 189 2457 9.804710956321018e-11 0.2951982249996945 [1.5124376832346397e-07, -1.112542159016388e-08, 9.838012239785264e-08]
0 191 2483 9.870865611115988e-11 0.2904862190007407 [8.970000042660495e-06, -1.1967536193840012e-08, -4.1006750810472535e-08]
0 196 2548 5.943421274399252e-11 0.2786809999997786 [1.2561273203313078e-07, -6.740364366950121e-08, -3.739775713367418e-08]
0 68 884 4.4332744915337455e-11 0.10311324499980401 [3.445061404839714e-06, 2.6889152312808816e-08, 5.02334865515096e-08]
0 211 2743 7.146717739351335e-11 0.3154479410004569 [1.4864260266780321e-06, 4.379058082680538e-08, -7.076833004193173e-08]
0 167 2171 9.914643298407609e-11 0.2431175739993705 [-9.913923534562067e-06, 9.271419416609822e-09, -3.0999273306849394e-10]
0 101 1313 2.3716673104735246e-11 0.14724505000049248 [3.2751957322015385e-06, -3.322395551864307e-08, -1.396944457541654e-08]
0 228 2964 6.405662918614963e-11 0.3274714010003663 [-1.9500067708885627e-06, -5.966697567634714e-08, 4.965140775045595e-08]
0 226 2938 5.927935722474887e-11 0.34789513000032457 [7.334421553611408e-06, -2.331470588689064e-08, -2.2329933440822188e-09]
0 151 1963 4.5859486028619025e-11 0.2107231950003552 [-4.166519454700146e-06, -2.585879454366535e-08, -4.670420656612127e-08]
0 219 2847 9.843915929677464e-11 0.3379578969997965 [-3.060332385554094e-06, 4.724275512632105e-08, 8.170357756392807e-08]
0 196 2548 3.614440610812285e-11 0.30348057199989853 [7.943717047310049e-07, -5.228109322983459e-08, -2.860114090343082e-08]
0 145 1885 8.437519613462131e-11 0.2140098690006198 [-9.167896274701086e-06, -4.187878872252154e-09, 3.8664031923315055e-09]

