1 34 442 9.36386885982187e-11 0.0244077649999781 [9.67670856222397e-06]
0 26 338 3.6251607439841835e-12 0.0177664820002974 [1.9039854894363517e-06]
0 20 260 8.333505282328068e-12 0.014585165999960736 [-2.8867811282340176e-06]
1 28 364 3.0835340396312835e-11 0.01997802200003207 [5.5529578060987315e-06]
0 32 416 3.34985192096408e-12 0.020590479000020423 [1.8302600692153234e-06]
2 39 507 8.729559458035359e-11 0.023797087000275496 [9.343211149297311e-06]
2 38 494 7.836523002680825e-11 0.021213899000031233 [8.852413796632433e-06]
0 25 325 3.123844334421399e-11 0.016708737000044493 [5.589136189449492e-06]
0 24 312 8.175462151111829e-11 0.014356235999912315 [-9.041826226549495e-06]
0 21 273 1.7952666834983437e-11 0.012787863000085053 [-4.237058748115659e-06]
0 17 221 6.109592954455026e-12 0.009063079000043217 [-2.4717590809896957e-06]
0 14 182 9.382319048208656e-11 0.00895010900012494 [-9.686237168378986e-06]
1 36 468 3.1466762348001154e-14 0.0197667709999223 [-1.7738873230281892e-07]
0 15 195 3.540520696800047e-11 0.00983952299975499 [5.950227471954368e-06]
4 54 702 3.3319692423584093e-12 0.04207346299972414 [1.8253682484250703e-06]
2 36 468 9.99121341682105e-12 0.028498704999947222 [-3.1608880740736536e-06]
4 66 858 4.939680108082704e-11 0.04819779900026333 [-7.028285785369505e-06]
0 26 338 2.7811707853277274e-11 0.013856045000011363 [-5.273680674185466e-06]
3 61 793 2.575420940682187e-12 0.0325368960002379 [-1.604811808494126e-06]
2 30 390 1.7248784484782806e-12 0.01578637299962793 [1.3133462789676912e-06]
5 74 962 3.9248481185768224e-11 0.0560311939998428 [6.264860827326352e-06]
0 16 208 8.263061366762166e-12 0.015130875999602722 [-2.8745541161651777e-06]
0 16 208 5.940931478846242e-11 0.014496900000267487 [7.707743819592243e-06]
0 19 247 4.559439151819572e-11 0.012589664999723027 [-6.752361921446133e-06]
1 28 364 8.288738293660637e-11 0.023198920000140788 [9.104250816877046e-06]
0 21 273 3.271768997112633e-11 0.013872786999854725 [5.719937934202287e-06]
2 37 481 3.3907039977969356e-11 0.02034279700001207 [-5.822975182668166e-06]
0 24 312 6.754802010540882e-11 0.013714037000227108 [-8.218760253554597e-06]
0 11 143 2.997256965573781e-12 0.006284297999627597 [1.731258780648861e-06]
2 40 520 7.040308106944453e-13 0.02159231399991768 [8.390654388630515e-07]
2 49 637 9.569303299100209e-11 0.026933544000257825 [-9.782281584119427e-06]
0 19 247 1.1907685647747011e-11 0.011001334999946266 [-3.4507514613120157e-06]
0 15 195 2.4556650465129635e-11 0.008449530999769195 [4.95546672525703e-06]
4 57 741 2.0799088835739262e-11 0.03763544200000979 [-4.560601806312327e-06]
3 78 1014 2.126027699379699e-11 0.07071283200002654 [-4.610886790390433e-06]
0 14 182 9.622286143001856e-12 0.013613040000109322 [3.1019810030046696e-06]
1 25 325 5.78848119129559e-11 0.0134448999997403 [7.6082068789535355e-06]
0 13 169 1.802737516375827e-11 0.007079266999880929 [4.245865655406241e-06]
0 16 208 1.892455090995756e-11 0.008575388999815914 [-4.350235730389511e-06]
2 51 663 8.957309038967544e-11 0.02752744800000073 [9.464306122990498e-06]
3 59 767 1.4676709984230563e-14 0.029757885999970313 [-1.2114747205051602e-07]
1 39 507 1.4025298338347241e-11 0.019167044999903737 [3.7450364935935192e-06]
0 20 260 5.812928562476294e-12 0.010125094999693829 [2.4110015683272157e-06]
2 45 585 2.7893708358138236e-11 0.028820212000027823 [5.281449456175666e-06]
1 34 442 1.5788316508580075e-11 0.02417323800000304 [-3.973451460453503e-06]
0 12 156 8.316895482735748e-13 0.009956760000022769 [-9.119701465912e-07]
0 20 260 3.7562572697253555e-13 0.014412412999718072 [6.128831266828412e-07]
0 12 156 2.3719846326469368e-11 0.008401620000313414 [-4.870302488189965e-06]
5 86 1118 6.503364428331881e-11 0.04910334700025487 [8.06434400824511e-06]
0 16 208 4.3006440090427684e-11 0.008439988000191079 [6.557929558208725e-06]

