0 445 5785 4.6986499687544194e-11 0.751842312000008 [2.2401037898635772e-06, -1.0494424657836588e-08, -4.815981019140661e-08, 1.2451755256935767e-08, 4.01534182139996e-08]
0 474 6162 8.950165976220649e-11 0.7904313779999939 [-2.2266583380570257e-06, 3.444031505209837e-09, -2.2221451924676956e-08, 6.284979811490644e-08, 6.323459368923515e-08]
0 565 7345 9.356943157506423e-11 0.8964174920001824 [-3.4602611979906676e-06, 9.129834259114702e-09, 8.418142655714082e-08, 3.008465455197545e-08, -9.200516907682249e-09]
0 397 5161 9.639071300491735e-11 0.671869732000232 [-1.44359207906208e-06, -3.3120407226433627e-09, -4.446385444452432e-08, 8.627078987498831e-08, 1.4946555448936947e-10]
0 462 6006 8.87860541106665e-11 0.7372628000002805 [-3.749715319514552e-06, 7.691113306630984e-08, -1.779508777027668e-10, -3.657306843156632e-08, -1.4819767972809503e-08]
0 411 5343 9.5265504752818e-12 0.689720897999905 [1.0889230894146028e-06, 1.638644873294953e-08, -1.4241555463937207e-08, 1.892852070699533e-08, 2.1102601254399233e-09]
0 411 5343 8.964633854579066e-11 0.7145419649996256 [-3.641159894515002e-06, -8.980725997131488e-09, 3.0361433869107955e-08, -7.55818313171465e-08, -3.039318978914944e-08]
0 344 4472 8.86849412819732e-11 0.5540310260003025 [1.994044618169302e-06, 7.104017362236624e-08, -3.273665212520188e-08, 3.122794826086001e-08, 3.71119026866981e-08]
0 558 7254 6.551670120675827e-11 0.9180396359997758 [4.821782173669401e-06, -1.8550960184616713e-08, -4.378493045718172e-08, 3.944187961729864e-08, -2.0243311512380422e-08]
0 274 3562 5.042409090577189e-11 0.4542160300006799 [6.134974195348318e-06, 2.4595552216051615e-08, 7.985079458934095e-09, 7.249309624810147e-09, 2.3608538286048914e-08]
0 452 5876 3.503272017405258e-11 0.7320040679996964 [1.685556679387541e-06, -2.8055720031820133e-08, -3.87838268144133e-08, 1.5814371348759e-08, -2.6033802938328775e-08]
0 425 5525 9.248855840721514e-11 0.7007427389999066 [9.573824004615515e-06, 2.0562914846516917e-09, -2.067973280104582e-10, 8.685800280842616e-09, -1.8251047265510163e-09]
0 320 4160 9.812998653340679e-11 0.5397716959996615 [2.1749369251970717e-06, 8.10603146198947e-09, -1.551952456283709e-08, 9.494514249543908e-08, -4.3382160254662365e-09]
0 482 6266 4.126674850019362e-11 0.7645261990001018 [-2.968554249069719e-06, -2.3391933367495353e-08, -8.872945796154985e-09, 5.376658222386157e-09, -5.0898165484044455e-08]
0 304 3952 7.300884175347356e-11 0.49974870500045654 [8.279940532062099e-06, 3.7290089623322325e-09, -1.9757485460560982e-08, 6.386771593944215e-09, -2.9675400625997e-10]
0 491 6383 8.663593628477153e-11 0.7949142040006336 [5.302829523351977e-06, -7.019685978351174e-08, 2.3903718176322785e-08, -1.1207484388170715e-09, -1.8744348212771636e-08]
0 392 5096 9.719360398480329e-11 0.6522977080003329 [1.7059719686796112e-06, -4.4653707565090176e-08, -1.1180153723027055e-08, -8.520207999824673e-08, -7.069829565238928e-09]
0 632 8216 9.78121632032736e-11 1.045452178999767 [-7.2816246040601e-06, -5.947767202640638e-09, 3.025138265346769e-08, 2.8786308516018013e-08, 5.195995561737245e-08]
0 356 4628 8.4815330335044e-11 0.6045387740005026 [-8.603841636498845e-06, 1.1742277264812224e-08, 1.2233362732428546e-09, -1.8855614970538778e-08, 2.4166342296485886e-08]
0 422 5486 9.81765050974399e-11 0.6632095969998772 [-4.770471495386584e-06, 2.9942553508978735e-08, 5.8165470348513224e-08, -2.671375984917075e-09, 5.705257206962522e-08]
0 443 5759 9.705160097403845e-11 0.7392807470005209 [7.766603725703051e-06, -1.8750091688713048e-08, -7.164274294843155e-09, -4.8816942545396476e-08, 2.9785233089669717e-08]
0 611 7943 9.865397001458717e-11 0.9746373629996015 [7.5059332751680675e-06, -3.58915425638424e-08, -4.996751063563303e-09, 7.049400655032582e-09, 5.355958522928168e-08]
0 399 5187 2.2972753157496415e-11 0.7011363659994458 [2.1400680830985802e-06, -1.3166029363912545e-08, -3.455437128656411e-08, -1.590459080070463e-08, -1.4798015507524195e-08]
0 600 7800 1.6240357202442745e-11 1.0035411150001892 [-2.9763928322885073e-07, 3.592403677626205e-08, -1.1357994798185814e-08, 1.0464767401552691e-08, 9.280354790940471e-09]
0 434 5642 4.2250806805515766e-11 0.7171466080008031 [4.111483613195366e-06, 1.4149613275622274e-08, 3.468661636434787e-09, 2.733540353177424e-09, 4.811377680180579e-08]
0 706 9178 7.198753042233526e-11 1.1693852449998303 [2.4384456153345062e-06, 4.869576870556657e-08, -6.030629368593198e-08, -1.9166592496625142e-08, -1.512171036779624e-08]
0 539 7007 9.960881838040318e-11 0.8630367550003939 [8.53897259847338e-06, 4.05296549645342e-08, -3.011359765548793e-08, 9.675973714019752e-09, 5.135209019815502e-09]
0 393 5109 5.447851776944766e-11 0.695758967999609 [-4.02660988999058e-06, -4.806235395014015e-08, 2.670355759287328e-09, 5.775947212608566e-09, -3.841888628025568e-08]
0 319 4147 6.182000960096896e-11 0.5415851100005966 [1.6779177699723905e-06, 7.282218816225992e-08, -2.1423021819525396e-08, -8.148789664903504e-09, 8.487663412017212e-09]
0 808 10504 9.754224842897549e-11 1.310188183999344 [-4.745852563191943e-06, -1.0461387517241203e-08, -8.850374973680404e-09, -7.245517917800753e-08, -4.5435563516525026e-08]
0 559 7267 9.901624485646091e-11 0.9264147680005408 [6.345425812693727e-07, -8.173378772083556e-08, 3.152917978927942e-08, 1.9110956511064455e-09, 4.6724795739892717e-08]
0 616 8008 9.620212088143373e-11 1.005039047999162 [-4.555965736555507e-06, 5.6562401777263015e-08, 1.5718980991981146e-08, -6.208412766251753e-08, -1.5610866184233074e-08]
0 322 4186 9.683847390433607e-11 0.540040498000053 [-4.1372997423105317e-07, 5.315820440728027e-08, 3.337596848416792e-08, 4.909470227156728e-08, 5.759071437375723e-08]
0 426 5538 9.80501421202343e-11 0.6970213309996325 [2.080666124000742e-06, -1.1831684374180776e-08, -9.146370765573766e-08, 8.525355691999748e-09, 2.817475460633885e-08]
0 324 4212 6.614041462858373e-11 0.5132418090006468 [-3.086729607317683e-07, -4.3839000008939605e-08, 8.626430686118034e-09, -8.195068916212161e-09, 6.738754469842338e-08]
0 378 4914 5.5219795587765665e-11 0.6168460449998747 [4.549651129254694e-07, -4.2920581280242214e-08, 4.77164816226405e-08, -3.628926049305341e-08, -8.082752647971133e-09]
0 388 5044 9.002236877675727e-11 0.6552055370002563 [1.583438544210358e-06, 5.976573605718388e-08, 4.714145643003913e-08, 3.6342297563773636e-08, 4.0453509147297843e-08]
0 402 5226 8.649744600414963e-11 0.6521018359999289 [3.183367494631148e-06, -1.5273342995864104e-08, -6.463826916550949e-08, 2.2524219980002635e-08, -5.213099276953996e-08]
0 587 7631 9.900557624580912e-11 0.9870084650001445 [-8.598320405448087e-06, 3.989182091666854e-08, -2.896699984172629e-08, 8.750695841938751e-09, 6.535376884075405e-10]
0 479 6227 8.281304204916795e-11 0.780089861000306 [-4.4726025415746966e-06, -6.27629789472665e-08, 1.7075554319897947e-08, 2.658140436591642e-08, 3.665446378949755e-08]
0 595 7735 4.731843649739255e-11 0.9742493949997879 [-1.5598616638582422e-07, 1.12683575694658e-08, -5.41009608688234e-08, 3.546371579179343e-08, -2.044126939122137e-08]
0 452 5876 8.048331959261879e-11 0.7367422649995206 [-8.412913126489872e-06, -1.9790852828406164e-08, -3.3898494216564665e-09, 1.7330625437969161e-09, -2.3758131056913334e-08]
0 353 4589 8.613267520810635e-11 0.5457650230000581 [7.092132239179183e-06, -2.5637958914471743e-08, 3.9161113691420576e-08, -2.541555009270591e-08, 2.7323718664244974e-08]
0 323 4199 8.38989647784802e-11 0.5211198340002738 [-2.298408900213154e-06, -2.4305181276565267e-08, 4.125774920131664e-08, -6.572269993203933e-08, 3.534418110789656e-08]
0 723 9399 6.748461276895423e-11 1.1784895750006399 [-5.091789846924997e-06, 2.7325112647533346e-09, 5.590794045071655e-08, 4.893657385582653e-09, -3.1602477537532313e-08]
0 515 6695 5.5732529568211014e-11 0.833205151000584 [5.8393477572533065e-06, -1.1318699051074504e-08, 2.6778585281848123e-08, -2.2592979944528073e-09, -3.6237338871300035e-08]
0 438 5694 7.596799725749804e-11 0.7045073950002916 [5.404137990645337e-07, -5.076333725794463e-08, -3.574590232237768e-08, 7.585105560224026e-09, -6.045969938366656e-08]
0 634 8242 9.926413529335629e-11 1.0343394880001142 [-3.4800353304207083e-06, -1.384445784578045e-08, 4.45162963050905e-08, -7.53324340433226e-08, -2.944492605832516e-08]
0 395 5135 9.992157402457641e-11 0.6466980949999197 [-3.721924848293798e-06, 3.9278031394858336e-09, -6.025927416121812e-08, 1.9993260830851408e-09, 7.040085141599532e-08]
0 423 5499 9.832432650307983e-11 0.687094234000142 [7.648882962295642e-06, 2.3771000159546777e-08, 5.469341724619595e-08, 1.2118081922228879e-08, -1.669171486375258e-08]

