270 8663 112619 9.271893352979657e-11 5.171310435000123 [7.155434083315984e-06, 4.891673795624121e-08, -4.194070109848049e-08]
242 7825 101725 9.726654939206939e-11 4.503239495999878 [-2.8652827426830086e-06, 9.417114369155411e-08, 6.120957072215093e-09]
10 255 3315 9.203144158935113e-11 0.149764500999936 [5.0078898110121095e-06, 1.87207982779021e-08, 7.96541262889081e-08]
40 1249 16237 3.725525229940555e-11 0.7452322419999291 [-2.8111887819030237e-06, 5.303774500452999e-09, -5.391768697968375e-08]
21 789 10257 9.587015761172383e-11 0.4726887980000356 [-5.1367451263351336e-06, 5.5737317796791476e-08, 6.198186925786508e-08]
228 7679 99827 8.167623324380634e-11 5.344675753000047 [-8.05657580346995e-06, -4.0526316106318043e-08, -5.865122294178943e-09]
298 8904 115752 7.429082373474656e-11 5.318686023000282 [1.4177208632414831e-07, -7.095515420286412e-08, -4.891256007485564e-08]
164 4723 61399 1.7506691063021872e-11 2.723564929999611 [2.1296840410464006e-06, 1.891106261777219e-09, 3.59657811251206e-08]
88 3119 40547 8.407598288464072e-11 1.9170917739998004 [-6.630984594511563e-06, 4.055143605275535e-09, 6.319935466078508e-08]
232 8510 110630 9.945475087916754e-11 5.419491461999769 [8.113664624793301e-07, -9.926833793168384e-08, 5.043869402963374e-09]
3 162 2106 3.8282542474763766e-11 0.0984924559998035 [9.029797660430836e-07, -2.988954099561235e-08, -5.3416592373153705e-08]
201 6498 84474 4.747938775391681e-11 3.787545567000052 [6.6525691420879505e-06, -1.6096150128647896e-08, 7.948906050622835e-09]
53 1648 21424 3.71409135542831e-11 0.8909655499996916 [-5.340032201597213e-06, 1.338484558503097e-08, 2.614082769698903e-08]
212 6641 86333 8.57949279448785e-11 3.6112472380000327 [2.5609362260543044e-06, 8.801476850284287e-08, 1.3306159644581956e-08]
13 642 8346 2.8467196092218744e-11 0.4359168370001498 [2.5169297532546793e-06, -1.8335799868768923e-08, 4.3324640957686675e-08]
169 5383 69979 7.741899953513455e-11 3.150832874999651 [-8.377334653591838e-06, -6.999254632053858e-09, -2.5979545767431314e-08]
302 9455 122915 2.914601599437254e-11 5.922592027000064 [-5.3066160691396655e-06, 9.681132438842299e-09, 2.2045098352508293e-09]
64 1817 23621 5.054550768870892e-11 1.067910566000137 [6.714525243506876e-06, -2.1313529984638254e-08, 9.581194283371462e-09]
69 2259 29367 4.559625991028794e-11 1.2343898129997797 [5.10629960618662e-06, 3.764733999797041e-08, 2.3127347779022304e-08]
145 4593 59709 3.9305329083097843e-11 2.621113701000013 [6.0165418916642165e-06, 1.7576948656502543e-08, 1.3061970836804786e-09]
39 1278 16614 9.97747490953555e-11 0.7497538450002139 [9.968957379980086e-06, -3.2172370228572315e-09, 5.395662247432117e-09]
18 735 9555 6.923505246191599e-11 0.4317256970002745 [5.549034361041052e-07, 8.213589398269885e-08, -1.2099933202891685e-08]
144 4298 55874 2.030141087544069e-11 2.4705634520000785 [-1.360769815654887e-06, -3.828476518921989e-08, -1.9474300830341057e-08]
253 8438 109694 8.991158698552408e-11 5.58873366700027 [6.202504617394592e-06, -2.3859213450310595e-08, 6.763719597384861e-08]
157 5632 73216 9.721724559213831e-11 3.0764167710003676 [-2.817370402226345e-08, 9.294887845835182e-08, -3.289606628137382e-08]
180 5637 73281 2.293296075632876e-11 3.2305591160002223 [-7.979420426885525e-07, -3.1780602967800626e-08, -3.4923032518481266e-08]
302 10000 130000 47.74000318779036 6.965398599999844 [6.619225975689988, 0.01954848205792579, 0.0032313954083463907]
51 1698 22074 9.045854122145182e-11 0.9876204920001328 [8.779710097783002e-06, -3.6534466117525806e-08, -1.6601107015074508e-09]
318 9834 127842 9.639759307692526e-11 5.925307463000081 [1.6758904515252397e-06, 7.644649043455043e-08, -5.9286023035630987e-08]
43 1586 20618 9.793483831165924e-11 0.8305780689997846 [-7.695142257587963e-06, 5.682791511618148e-08, -2.534857901860376e-08]
37 1155 15015 7.881626310689722e-11 0.6171598930000073 [7.980375576640014e-06, 1.2449477153854738e-08, 3.6851016198500234e-08]
211 6600 85800 1.583808458573727e-11 4.087057439000091 [4.90296920682806e-08, 2.190545832790846e-08, 3.322226607183143e-08]
202 6835 88855 6.937034611657408e-11 4.099839821999922 [7.915842341241844e-06, -1.4264963601664227e-08, -2.1621503832085466e-08]
52 1571 20423 7.653454426674416e-11 0.9004208299998027 [-7.716009412496383e-06, -3.507980483992602e-08, 2.1660600030789554e-08]
43 1284 16692 4.2463514772863915e-11 0.768848256000183 [3.8059974333168437e-06, -1.4534232810333826e-08, -5.085809579270509e-08]
85 3189 41457 9.648099904932129e-11 1.824946503999854 [6.099169773157464e-06, -1.843274620589098e-08, -7.475524449870774e-08]
149 4545 59085 8.209681145116266e-12 2.6583739090001473 [-4.669153467921468e-07, 1.2919936623071049e-08, 2.5144429960936695e-08]
201 6299 81887 2.3197913380827784e-11 3.9107018520003294 [4.641309415526626e-06, -1.2804839996188024e-08, -1.285341078932421e-09]
323 10000 130000 8156.5401969034265 6.159669824000048 [1.8449657459951605, -0.06363997795866896, -0.10613002890498602]
67 2283 29679 1.8430190455756602e-11 1.2187269519999973 [7.047030949109922e-07, -1.5616313651880546e-08, 3.936355101237738e-08]
3 185 2405 9.517305168134854e-11 0.10168930899999395 [3.4633277567633027e-06, 7.67989165366741e-08, -4.919113407770862e-08]
179 5185 67405 3.574727584706193e-11 3.0968661680003606 [9.615823977119454e-08, -8.879502130532652e-09, 5.911816460202794e-08]
299 10000 130000 1047.906844389605 6.475385045999701 [-1.5056460804449503, 0.07653288227288668, 0.13677245833137988]
145 4653 60489 5.845861611780012e-11 2.743767071000093 [-5.12025105558875e-06, 5.6504944811557326e-08, -5.59961930823004e-09]
314 10000 130000 15644.209968228868 6.098382182000023 [1.9598198584035564, 1.250519794372791, -0.015399718081182567]
326 10000 130000 6417.053719427039 5.873969791000036 [6.675067776489598, 0.5882814694431362, 0.459537410523295]
328 10000 130000 11.972988460728006 7.429555933999836 [-0.2697119863794195, 0.03149224369267978, -0.014080588684923595]
283 10000 130000 597.099996574568 6.052420611000343 [-1.5167163874917422, 0.17082171489393103, -0.1740686603560352]
19 795 10335 1.5762428418415227e-11 0.48118233700006385 [-1.3723749639497972e-06, -2.8670133945793003e-08, -2.37891773124711e-08]
70 2190 28470 2.9999562704320735e-11 1.2426258499999676 [7.857727880364636e-07, 3.4892783492360175e-08, 4.1481393939277054e-08]

