176 5400 70200 7.102882255425358e-11 2.9069342990001132 [7.879460811567785e-06, 1.490521896384214e-08, -2.592540134620934e-08]
39 1715 22295 8.082570528117065e-11 0.8922953119999875 [-3.6306975465853574e-06, 2.9689668045645557e-09, -8.219220946508474e-08]
265 8016 104208 4.1635602730495567e-11 4.231930437000301 [-4.965241873431051e-06, 1.7756422272405332e-08, 3.718745830204419e-08]
158 5309 69017 8.684802897866941e-11 2.8339974180003082 [4.107833760401541e-06, -8.143553574976035e-08, -1.9121364875630037e-08]
23 847 11011 6.918199811016767e-11 0.4676868760002435 [2.062016012426527e-06, -8.021305312457006e-08, -7.672999146443793e-09]
37 1305 16965 8.712672455314804e-11 0.7073893819997465 [8.60245911668312e-06, 1.3321123251474778e-08, -3.3689610345229103e-08]
18 412 5356 7.022958007945976e-11 0.22339876900014133 [-3.379926371014938e-06, 7.66763180653151e-08, 1.1445647838321477e-09]
120 3413 44369 6.396801065457242e-11 1.8269477969997752 [6.776901890471063e-06, 2.8744435014064888e-08, -3.1271690038634236e-08]
19 503 6539 6.593154698465767e-11 0.2830259020001904 [1.4779955794795022e-06, -5.431404475691896e-08, 5.852086933148786e-08]
162 4186 54418 7.263556999691968e-11 2.2208817979999367 [-4.970795316641308e-07, 4.2454923898434484e-08, 7.37321343132705e-08]
71 1952 25376 9.909492585503683e-11 1.1012523379999948 [-8.101994577942777e-06, -6.7869640557077075e-09, -5.7438646313338546e-08]
147 4573 59449 2.362797199510906e-11 2.417913268999655 [3.6991965884119036e-06, 1.468739160715358e-08, 2.7904698301848635e-08]
98 3345 43485 9.499918219405186e-11 1.759270719000142 [7.719180902401833e-06, 2.1820493962408954e-08, -5.536432860823963e-08]
127 3848 50024 1.1260572690988792e-11 2.0748333120000098 [-1.0360872110258466e-06, 2.5643112688309848e-08, 1.9003693584890015e-08]
35 960 12480 4.385447106392967e-11 0.5257953089999319 [-4.515614028393725e-06, -1.2758843513795229e-08, 4.6728813522716715e-08]
68 2347 30511 1.6235670269066445e-11 1.24704586200005 [-2.8173388630182728e-06, -9.28294514706664e-09, -2.7270022541169395e-08]
217 6417 83421 5.17148073948955e-11 3.3639720979999765 [-8.216951971968212e-07, -6.804271353266626e-08, 2.1775021811503017e-08]
107 2730 35490 8.418380494176211e-11 1.5015788499999871 [4.918586778419993e-07, -4.76673395033887e-08, 7.824329199968545e-08]
143 4214 54782 8.095042309506703e-11 2.204637936999916 [-7.036162056532928e-06, 2.2452957023257062e-08, 5.1382383964147735e-08]
234 7069 91897 8.77923982194012e-11 3.9068651319998935 [-3.853388007753292e-06, 2.9150632479902655e-08, 8.027839394340221e-08]
122 4114 53482 1.0809814662554786e-11 2.3208631449997483 [-2.909807351733694e-07, -3.868113419353325e-09, -3.2520027460109774e-08]
54 1727 22451 8.349270906665338e-11 1.1952728739997838 [-2.0269777111971566e-07, -1.0674817300904834e-08, 9.072601911037401e-08]
335 10000 130000 0.015939929465813622 5.596399689000009 [0.0041674495307738035, 0.0010794449265396626, -0.000653494325598922]
66 2691 34983 9.214364043880825e-11 1.4423895869999797 [3.3639049805266893e-06, -6.451895539018939e-08, -6.261056434371399e-08]
170 5340 69420 6.520130878931266e-11 3.8743168510000032 [7.519980512545042e-06, -2.3542093793345775e-08, 1.7632073271480537e-08]
53 1602 20826 6.018569712154621e-11 1.0509801429998333 [7.424342998344429e-06, 1.597646433482217e-08, -1.5850407054905004e-08]
11 502 6526 1.512294036694637e-11 0.29291273799981354 [-1.0499967739810828e-06, -5.037886485302344e-09, -3.7103428600585914e-08]
62 1951 25363 5.381349906595114e-11 1.1091537010001957 [7.331689712546322e-06, 2.207349375012968e-09, 1.0536181594802845e-09]
44 1285 16705 4.7723963348765135e-11 0.7712272230000963 [-1.7522306899530846e-06, -2.535778154337376e-09, 6.677525683175732e-08]
0 113 1469 9.339841132463112e-11 0.06820032999985415 [2.8656694650654664e-06, 6.259966740955398e-08, 6.782268517520872e-08]
67 2108 27404 9.282814108103478e-11 1.217968553999981 [1.115594203897781e-06, 2.8693685915673785e-08, 9.129639343314231e-08]
123 3603 46839 5.466971317177402e-11 2.1270643760003622 [-3.299886918487983e-06, 5.4652733776892945e-08, -3.729778331762701e-08]
34 1378 17914 9.300523913194599e-11 0.7815079609999884 [-2.2111109173751996e-06, 8.770152735414075e-08, 3.346737013946454e-08]
106 2983 38779 4.5906524450005805e-11 1.6186618379997526 [4.005394986805853e-06, -2.6040918560409536e-08, 4.804377280665782e-08]
36 1273 16549 8.516907182627839e-11 0.7630550510002649 [7.590788311325289e-06, 4.2405623863578755e-08, -3.0929977831114845e-08]
169 5290 68770 5.7913258155644027e-11 2.8542054069998812 [-6.50501100757468e-06, -3.7734707815798114e-08, 1.1657650739062854e-08]
49 1674 21762 2.8610759707660954e-11 1.1098235049998948 [-2.4136160844531664e-06, 2.6094653346804533e-08, 3.996987336936527e-08]
97 3162 41106 4.934438636810516e-11 2.33939445399983 [-3.249305251822851e-06, -3.6035565585643135e-08, -5.079447005118738e-08]
4 166 2158 5.1945528938986444e-11 0.08912634399985109 [-2.5299361258594697e-06, -6.34030871378988e-08, 2.3120202317232728e-08]
192 6073 78949 3.497743589125012e-11 3.278419863000181 [-1.7908416787843979e-06, 4.9971774774404385e-08, 2.6074008575094113e-08]
159 5036 65468 5.004323126545257e-11 2.757539966999957 [-6.053539402377681e-06, -2.1588197169301896e-08, -2.95590754238134e-08]
84 2854 37102 6.7232918571304536e-12 1.5894676609996168 [1.4581981628515e-06, -4.704429142915099e-09, -2.091801481828492e-08]
200 5781 75153 9.414104159650093e-11 3.078763708000224 [-2.0425756428529885e-06, 4.229378810861807e-09, -9.475761177259954e-08]
62 1681 21853 9.912935897494631e-11 0.9038326410000082 [-9.630803681774203e-06, -1.7054130389678424e-08, -1.8624032282481788e-08]
67 2361 30693 4.685917975507912e-11 1.7593488460001936 [-2.4213438585668604e-07, 5.802633647815553e-08, 3.623533281688426e-08]
10 478 6214 2.4635078399092296e-11 0.39944024099986564 [8.788324378432431e-07, 4.6938852912675764e-08, -1.3528387996020432e-08]
232 6673 86749 8.788101214654477e-11 3.643410996000057 [-2.888757092570243e-06, 8.819081068355593e-08, -1.3266136274145014e-08]
9 406 5278 1.3042426636651834e-11 0.26198617000000013 [2.216032481635783e-06, -2.850015847929e-08, -9.505968409651944e-10]
0 103 1339 8.246021978406574e-11 0.061689982999723725 [-2.4657390666359523e-06, -2.4653637261487697e-08, -8.384648611427963e-08]
61 1646 21398 3.224851655641414e-11 0.883751181000207 [-2.2263928358694267e-07, -2.833021824230075e-08, -4.916597975150514e-08]

