0 24 312 2.5468957641082826e-11 0.034647052999389416 [-5.046677881644798e-06]
0 16 208 1.6584508340832147e-12 0.02826491799987707 [1.287808539373464e-06]
0 22 286 3.035525995244638e-11 0.035574315000303613 [-5.509560776726796e-06]
0 15 195 3.963186292456773e-15 0.023441431000719604 [-6.295384255513537e-08]
0 18 234 6.18551530294494e-12 0.026008015999650524 [2.4870696216521443e-06]
0 16 208 8.990213966970643e-11 0.023832128000321973 [-9.481673885433227e-06]
0 12 156 1.564131737111349e-11 0.019896562000212725 [3.954910538951986e-06]
0 23 299 1.4683672836477197e-11 0.03630933200020081 [-3.83192808341665e-06]
0 16 208 5.173307808004278e-13 0.027849082999637176 [-7.192571034063047e-07]
0 23 299 3.400488762315683e-11 0.03761693500018737 [-5.831370990012283e-06]
0 21 273 2.0084995078206364e-11 0.031450300999495084 [4.481628618951638e-06]
0 16 208 7.542597766879648e-11 0.026330368999879283 [-8.6848130474292e-06]
0 14 182 6.949361571591078e-11 0.02210732999992615 [-8.336283087558314e-06]
0 138 1794 6.9948570982254535e-12 0.21685980399979599 [-2.6447792154025738e-06]
0 17 221 2.397140833779353e-15 0.024010696000004828 [4.8960604916395314e-08]
0 23 299 3.983003354133346e-12 0.03539317000013398 [1.995746315074475e-06]
0 27 351 7.156289644755014e-11 0.03885050300050352 [8.459485590007831e-06]
0 24 312 9.89071754738453e-13 0.0365308130003541 [-9.9452086691957e-07]
0 930 12090 3.660498415903792e-12 1.3133192539999072 [-1.9132429056196163e-06]
0 18 234 2.6610049976754692e-11 0.027381390999835276 [-5.158492994737387e-06]
0 11 143 7.31536471526667e-11 0.018316428999241907 [8.552990538558236e-06]
0 18 234 7.824608840146348e-12 0.024856572999851778 [2.7972502283754217e-06]
0 28 364 1.8258331598386343e-12 0.040166167999814206 [-1.3512339397153382e-06]
0 62 806 2.5598884312177662e-11 0.08447698599957221 [5.0595340014844906e-06]
0 11 143 4.388929533618655e-13 0.017774240999642643 [-6.624899647254029e-07]
0 19 247 7.144304311730466e-11 0.033070657000280335 [-8.452398660575864e-06]
0 23 299 8.379931792247765e-13 0.04062298400003783 [-9.15419673824403e-07]
0 19 247 4.338317647874051e-11 0.029500853000172356 [6.586590656685787e-06]
0 19 247 3.5360955281613034e-12 0.027902679999897373 [1.8804508842725203e-06]
0 22 286 1.5358432897954925e-13 0.033279010000114795 [-3.918983656250039e-07]
0 24 312 2.32360431059681e-11 0.033635859999776585 [4.820377900742648e-06]
0 23 299 1.0096677665442716e-11 0.03755619799994747 [3.177526973204589e-06]
0 27 351 7.713884558474667e-12 0.04466041199975734 [-2.7773880820790363e-06]
0 21 273 3.0797534988157414e-13 0.029762416000266967 [5.549552683609501e-07]
0 19 247 6.838347547097061e-12 0.02714372300033574 [-2.615023431462338e-06]
0 33 429 1.2223405156239294e-11 0.04590589899999031 [-3.4961986723067233e-06]
0 19 247 1.7777129886126384e-13 0.026330452999900444 [4.2162933823592475e-07]
0 25 325 8.400207833160962e-14 0.034936603999994986 [-2.8983112036427285e-07]
0 17 221 7.014859379262338e-11 0.026420422000228427 [8.37547573530145e-06]
0 17 221 1.550594572235307e-13 0.027880661000381224 [-3.937758972099876e-07]
0 75 975 8.131957110469715e-12 0.10175122999953601 [-2.851658659529523e-06]
0 19 247 6.259979861506976e-11 0.02827046599941241 [7.912003451406588e-06]
0 15 195 1.1167388614048529e-11 0.027223580999816477 [-3.3417642966026987e-06]
0 9 117 2.6431939248296363e-11 0.01493520000076387 [-5.141200175863255e-06]
0 21 273 3.745536312278382e-12 0.03186775299946021 [1.9353388107198136e-06]
0 17 221 2.7916649503392856e-13 0.025900117999299255 [-5.283620870519842e-07]
0 23 299 3.933269978612141e-11 0.03232828499949392 [6.271578731557263e-06]
0 25 325 3.749056189679828e-13 0.034242717999404704 [6.12295369056457e-07]
0 17 221 4.600782612743057e-12 0.029385710000497056 [-2.1449434987297583e-06]
0 16 208 7.958429072916952e-12 0.022057178000068234 [-2.821068782025166e-06]

