2 44 572 1.1128912812887649e-12 0.06212772299932112 [-1.0549366242996613e-06]
0 17 221 1.596097295899194e-11 0.025505067999802122 [-3.99511864141629e-06]
6 73 949 5.400188265726113e-11 0.10407791400029964 [-7.348597325834443e-06]
2 56 728 1.0358840174112717e-11 0.07905516299979354 [-3.218515212658271e-06]
0 22 286 4.289454595712901e-11 0.03832437500022934 [-6.549392793009823e-06]
1 22 286 5.571446941220421e-11 0.03630300399981934 [7.464212578176228e-06]
2 25 325 1.3720927807298717e-12 0.03973722299997462 [1.1713636415434242e-06]
0 13 169 6.048712948345171e-11 0.02011509599924466 [-7.777347200906728e-06]
6 90 1170 3.411571985079372e-13 0.1391443310003524 [5.840866361319502e-07]
0 16 208 2.958742960819266e-11 0.024890752000828797 [-5.439432838834639e-06]
0 8 104 9.599272931615547e-12 0.012707193999631272 [3.098269344588289e-06]
0 17 221 9.348150571985764e-11 0.023941277999256272 [9.66858343915269e-06]
3 60 780 9.15703763472029e-11 0.08872960200005764 [-9.569241158378385e-06]
4 63 819 4.156380913417539e-11 0.09932547100015654 [-6.447000010406033e-06]
2 46 598 4.9870108638779154e-11 0.08305492300041806 [-7.061877132801105e-06]
0 17 221 1.1686484457686646e-11 0.02227320800011512 [3.4185500519498974e-06]
1 45 585 3.8854558951219145e-11 0.059460426999976335 [-6.23334251836197e-06]
0 19 247 2.3121598063655253e-11 0.024848971999745118 [-4.808492285909925e-06]
2 54 702 3.893612389620008e-12 0.0879240429994752 [1.973223856945787e-06]
1 26 338 1.713087120944093e-12 0.03959522700006346 [1.3088495409878452e-06]
1 32 416 2.799789180035866e-11 0.042054605999510386 [5.291303412237731e-06]
3 60 780 7.99832402074442e-11 0.07713119599975471 [8.943334960038353e-06]
0 19 247 1.612693674496459e-11 0.026411715999529406 [4.015835746761138e-06]
4 49 637 7.770789575100245e-11 0.07436335300008068 [-8.815208208034706e-06]
3 45 585 4.418391564584611e-12 0.07653722100076266 [2.10199704200187e-06]
0 16 208 4.679583071313634e-11 0.02055714300058753 [6.84074781826785e-06]
2 50 650 3.4411096114261e-11 0.0650798520000535 [-5.866097179067271e-06]
3 48 624 2.9531393822716593e-11 0.0694469330001084 [-5.434279512752044e-06]
1 18 234 5.314579925669309e-11 0.03051051100010227 [-7.290116546166672e-06]
1 21 273 7.352285678561067e-11 0.03482720600004541 [8.574547030928845e-06]
2 53 689 2.2185446442539776e-12 0.07301706500038563 [1.489477977095995e-06]
0 21 273 3.49045394457592e-13 0.027677414999743633 [-5.908006385047261e-07]
1 39 507 2.8163282653192353e-12 0.05538533199978701 [1.678191963191111e-06]
0 16 208 3.28774044008131e-11 0.027203587000258267 [-5.73388214047107e-06]
0 19 247 8.984007673797454e-11 0.031252065999979095 [-9.478400536903605e-06]
7 91 1183 2.627169514386924e-13 0.12254950199985615 [-5.125592174946153e-07]
6 75 975 8.852955742648711e-12 0.11019634100011899 [-2.9753916956677673e-06]
0 22 286 5.8041367146663673e-11 0.032369584000662144 [-7.6184885080089e-06]
4 54 702 2.1297925573487913e-11 0.07215313599954243 [4.614967559310457e-06]
1 33 429 1.0099598201580269e-11 0.04377020900028583 [3.1779865011639474e-06]
2 41 533 1.9938325867989042e-11 0.05305553200014401 [-4.465235253375688e-06]
0 18 234 2.4770260970716265e-12 0.029243275000226276 [-1.5738570764436098e-06]
0 13 169 3.6759980575433905e-11 0.02348894700025994 [6.063000954596156e-06]
4 66 858 6.687009135088939e-11 0.09444615799930034 [-8.17741348782666e-06]
6 84 1092 2.916171846236737e-11 0.11824432699995668 [5.400159114541661e-06]
2 35 455 5.838831371201393e-11 0.05549198599965166 [-7.64122462122492e-06]
2 38 494 2.175527409824876e-11 0.052722563999850536 [4.664254934954645e-06]
2 34 442 8.837913336541273e-11 0.04602244099987729 [-9.40101767711415e-06]
3 49 637 9.455906233340245e-13 0.0691104079996876 [-9.724148411732641e-07]
4 90 1170 9.618409923485381e-11 0.1296139790001689 [-9.807349246093657e-06]

