0 19 247 3.127362067708694e-13 0.030944309000005887 [5.592282242259143e-07]
0 22 286 6.58387862963765e-12 0.031391557000461034 [-2.5659069799269127e-06]
0 17 221 2.182699307210282e-13 0.02443418000075326 [-4.6719367581446155e-07]
0 24 312 2.7751324718335667e-12 0.03400612800032832 [1.6658728858570112e-06]
0 20 260 1.0917784468164514e-12 0.029625694999594998 [1.0448820253102507e-06]
0 17 221 1.9731148668759514e-11 0.024727661999349948 [4.441975761838364e-06]
0 12 156 2.026812254072579e-11 0.017665504999968107 [-4.502013165321242e-06]
0 29 377 2.7178102585893362e-11 0.04203033100020548 [-5.2132621827310165e-06]
0 11 143 1.077302482412103e-11 0.019672254999932193 [-3.282228636783402e-06]
0 11 143 9.827872040692023e-11 0.018737685999440146 [-9.913562447824709e-06]
0 20 260 7.79260978721325e-11 0.036871249000796524 [8.82757599073112e-06]
0 27 351 3.1208684871401363e-13 0.04524762900018686 [-5.586473384112858e-07]
0 19 247 5.6519517441174674e-11 0.028768183000465797 [-7.517946357960708e-06]
0 19 247 5.22756619901906e-12 0.026745373999801814 [2.2863871498543417e-06]
0 17 221 3.391150190235023e-11 0.025929923000148847 [-5.823358301045045e-06]
0 21 273 5.189726141049672e-11 0.03461035799955425 [-7.203975389359456e-06]
0 14 182 6.171676023370878e-11 0.024240237999947567 [7.856001542369298e-06]
0 17 221 2.1038691259817966e-11 0.027668470999742567 [-4.586795314794194e-06]
0 19 247 1.9644766462656645e-11 0.032366629000534886 [4.43224169722914e-06]
0 4474 58162 8.175791477807478e-14 5.979482556999756 [-2.8593340969196795e-07]
0 28 364 2.1027300632347412e-13 0.04018165300021792 [4.5855534706671354e-07]
0 19 247 1.4357978135397543e-11 0.029677559000447218 [3.789192280077318e-06]
0 15 195 2.2279822554094107e-12 0.02233770499969978 [-1.4926427085573462e-06]
0 18 234 3.473713216428472e-11 0.02854651899997407 [5.893821524637874e-06]
0 11 143 5.181789723381579e-11 0.015841965000618075 [-7.198464922038295e-06]
0 20 260 7.123349668470698e-11 0.030294274999505433 [8.43999387942355e-06]
0 29 377 4.669011581935293e-12 0.047851682000327855 [-2.160789573728847e-06]
0 25 325 6.966481993788393e-11 0.040839638000761624 [-8.346545389434118e-06]
0 21 273 4.69227111710256e-12 0.032282884999403905 [2.166165071526766e-06]
0 17 221 2.681405590717802e-11 0.02703310099968803 [5.178229031935341e-06]
0 21 273 9.43187981217005e-11 0.029821862000062538 [-9.711786556638305e-06]
0 29 377 4.461182865206354e-13 0.0384901080005875 [-6.679208684572113e-07]
0 21 273 1.7549189051988283e-11 0.031448628999896755 [4.1891752233570134e-06]
0 21 273 1.310583314782426e-11 0.03768201200000476 [3.620197943182701e-06]
0 15 195 3.178090605786686e-11 0.02481595999961428 [-5.637455636886809e-06]
0 31 403 2.588204745838089e-13 0.046347310999408364 [-5.087440167548007e-07]
0 15 195 1.4654827312464986e-11 0.024040286999479576 [-3.828162393690344e-06]
0 20 260 2.898302066334299e-11 0.037702235000324436 [5.383588084478881e-06]
0 21 273 6.439202424338059e-12 0.032975127999634424 [-2.537558358804396e-06]
0 15 195 8.060802661286659e-11 0.024452417000247806 [-8.97819729193264e-06]
0 16 208 6.193795036976837e-11 0.024958818000413885 [7.870066732230951e-06]
0 18 234 1.9676290293961996e-11 0.028699561999928846 [4.435796466697046e-06]
0 23 299 5.046433014821074e-11 0.03522850799981825 [7.103825036430074e-06]
0 16 208 1.5064599272250217e-12 0.023714906999884988 [-1.227379292323698e-06]
0 20 260 8.532936065520279e-11 0.03286357399974804 [-9.23738927701993e-06]
0 31 403 5.727373723111842e-11 0.04388833499979228 [-7.567941413034222e-06]
0 17 221 4.790134340192611e-12 0.0277791549997346 [2.188637553409109e-06]
0 13 169 2.1802153747219406e-11 0.019756765000238374 [-4.669277647261877e-06]
0 12 156 5.767817770657509e-11 0.01840759300011996 [-7.594615046635023e-06]
0 42 546 4.83775274697082e-11 0.06111064900051133 [-6.955395565293767e-06]

