0 224 2912 4.384246257299326e-11 0.377363045000493 [-7.170057709655452e-07, 3.7249143929581105e-06, 4.863810112775001e-07, 1.731013698739023e-08, -2.1927018479882217e-07]
0 239 3107 8.457182094392479e-11 0.5948004009997021 [6.065388578660662e-06, -9.297730373135547e-07, -1.614311402983755e-06, -5.41174680691382e-07, -5.613474525369471e-07]
0 263 3419 9.417449505330785e-11 0.8123837860002823 [-2.6023053307610935e-06, 5.25484891824997e-06, 3.0753026380320085e-07, -6.756210319871182e-07, -1.9194975100428563e-11]
0 259 3367 5.303754873870759e-11 0.5580803950006157 [-2.233102754909935e-06, -4.81664001783703e-07, 1.1933855874157416e-06, -1.2423233686300655e-06, -2.284101196421727e-07]
0 214 2782 9.647715200963781e-11 0.40747171899965906 [8.028742488973502e-06, 1.8349012596453722e-06, -1.466441688986959e-07, -7.73133920510048e-07, -4.0024738905617804e-07]
0 270 3510 7.603620393482903e-11 0.5334500150001986 [3.4865865750768457e-06, 2.7561653567971436e-06, -2.2985242769734595e-06, -2.8449527563270513e-07, -3.930188051593394e-08]
0 225 2925 6.496869868923427e-11 0.4392944269993677 [-2.8103101549302336e-07, 1.7958261889794474e-06, -1.0521719458072989e-07, 1.5812563300346536e-07, 9.603745193950542e-07]
0 219 2847 9.967410680254513e-11 0.4167092120005691 [1.430911638302541e-06, -4.566011003351804e-06, -7.549295798668606e-07, 3.0195942032995364e-07, 7.446033521224051e-07]
0 226 2938 9.294825284236e-11 0.3997206459998779 [8.653132516874367e-07, 2.2475579684331585e-06, 2.446765902729719e-06, -1.0758920550469957e-06, 3.380865676816206e-07]
0 244 3172 9.43910631909874e-11 0.42629053899963765 [6.769009280719946e-07, -9.453800988422376e-07, -2.253006650334339e-06, -4.315677770008342e-07, -8.960357642799618e-07]
0 257 3341 8.164734912114505e-11 0.4350996559996929 [-1.5973865577740776e-06, -1.219211975536447e-06, -1.3209587582876317e-06, 1.6638687560000284e-06, -1.7349464796611146e-07]
0 306 3978 9.40447730174277e-11 0.5142852080007287 [1.4435157472320109e-06, -3.2204195754968815e-06, -2.0497545677423747e-06, -1.1342731620467758e-06, 2.1818228985988067e-07]
0 162 2106 5.437318901562151e-11 0.27012899599958473 [-3.7959685361111116e-06, 1.4115181143496114e-06, 2.024268840902549e-06, -3.1976334462611564e-07, 9.043436865171918e-08]
0 220 2860 8.39300191567406e-11 0.3994396409998444 [7.743773518819193e-06, -1.2441768386295298e-06, 2.507507805075839e-07, 8.357568112491505e-07, 2.621982929374682e-07]
0 229 2977 7.82716035575207e-11 0.4171588849994805 [-1.6147402565363212e-06, -7.739109297471534e-07, -2.647259362643563e-06, -9.524758658701677e-07, -5.661101323610638e-08]
0 175 2275 8.46520886111119e-11 0.28630475499994645 [-2.803162855393281e-08, -2.77527185891071e-06, -2.1458477002532413e-06, -1.0203530868248812e-06, -2.9273393911995664e-07]
0 213 2769 7.242768406810325e-11 0.3683500200004346 [3.1434888927805836e-07, -4.733692619046741e-06, -1.0239052333775508e-06, -2.5874773369684214e-07, 8.350883491419221e-08]
0 191 2483 4.19546986683957e-11 0.3427859150006043 [3.407374397616923e-06, 1.975576212920281e-06, 7.282885554237744e-07, -3.898475130503242e-07, 4.493290526190172e-07]
0 275 3575 8.621760721111441e-11 0.4762514170006398 [6.922650305614782e-06, 2.2150832812245226e-06, 4.737935086116192e-07, 6.363100501993721e-07, -4.863582408635618e-07]
0 274 3562 9.156203238052199e-11 0.4810007360001691 [-8.403823048346196e-06, -1.1854284278224254e-06, -9.933641036969976e-07, 4.1061823905518327e-07, 3.0983388510198417e-07]
0 210 2730 8.304594995509805e-11 0.3577062139993359 [-1.3161799661679128e-06, 1.243885526058014e-06, 2.918145292346929e-06, 7.015598559095068e-07, -8.868442517695509e-08]
0 262 3406 8.348093791956886e-11 0.44549769300010666 [9.965819294091496e-07, 1.978622626850897e-06, 3.026271483000914e-06, -1.524445179277675e-08, -1.0647595227858185e-07]
0 231 3003 8.812943169057597e-11 0.3996226369999931 [-2.0341480503874055e-06, 4.6632310084376555e-08, -5.918297244225673e-07, 1.9081361271638885e-06, -2.1731284147411517e-07]
0 241 3133 7.863474612145666e-11 0.4126290059994062 [5.179893590057575e-06, 5.281517686054666e-08, 2.6153035259726616e-08, -5.830384182125832e-07, -8.612490443949601e-07]
0 207 2691 7.399907712941994e-11 0.34098529599941685 [-4.820832542705327e-06, 7.14418160717859e-07, 1.5323583380881213e-06, 1.0597711641669534e-06, 3.4075909936745857e-07]
0 288 3744 9.560649595401298e-11 0.47337907800010726 [4.204938332592186e-06, 6.710633962493494e-07, -2.3084941199393354e-06, 8.310073131355431e-07, 5.852351694890597e-07]
0 156 2028 9.879341557580363e-11 0.26230661000045075 [-3.297696243944064e-06, 2.1895227026897295e-06, -2.5455607310474455e-06, -1.729582601303378e-07, 6.295977493549853e-07]
0 244 3172 9.681790741853047e-11 0.43637805999969714 [1.996708491092552e-06, -2.935097880609903e-06, -2.557660924129623e-06, -9.107547445545246e-07, -7.530192543461487e-08]
0 256 3328 7.726059919592666e-11 0.43751214500025526 [-3.466577322440861e-07, -4.894002866988872e-06, 6.195417196995785e-07, 2.1788123052071197e-08, -3.540003971308073e-07]
0 306 3978 8.454407175587112e-11 0.5129676789993027 [3.3730308386015594e-06, 7.158529364885156e-07, 4.793363302034841e-07, -1.6966283816918888e-06, 3.6405706487929557e-07]
0 273 3549 8.931728899521592e-11 0.46269503500025166 [-5.570030207766469e-07, 4.4634230987903114e-06, -4.0961928529860303e-07, -1.219396361863539e-06, 6.307204532275387e-08]
0 188 2444 7.239545995341266e-11 0.3372131759997501 [6.039261041473323e-06, 5.403608545106673e-07, 2.421109663944753e-07, -9.635318463334066e-07, 4.944260119559952e-07]
0 231 3003 9.371090932602438e-11 0.417036306999762 [-3.402329935210365e-06, 1.69942650854296e-07, -2.7838347904025424e-06, 9.667092726146306e-07, 1.788475109598036e-07]
0 225 2925 8.656981707070294e-11 0.41235948899975483 [6.56481002573986e-06, -2.98507536654615e-07, 2.519983445249065e-07, -1.0844880952904412e-07, -8.417899580370628e-07]
0 219 2847 9.08204351653185e-11 0.3833576990000438 [7.429684031680357e-06, 1.256267196314342e-06, -9.631615566107822e-07, -5.541590823781851e-07, 5.392120289551057e-07]
0 185 2405 6.670249175113019e-11 0.3341500000005908 [4.904682148803512e-06, -1.396220083250679e-06, -7.891627522775452e-08, -1.2921047725957863e-06, -1.4177212159845477e-07]
0 269 3497 9.547526740252172e-11 0.4638880250004149 [-9.192655098332198e-06, 1.8160870348468187e-06, -3.202320653176611e-07, 9.816296736923626e-08, 1.1489732013453969e-07]
0 235 3055 4.5318864828596896e-11 0.41785776100005023 [-2.3202130142412115e-06, -1.0036046001866947e-06, 1.1385330146000632e-07, 2.857748426164514e-07, 7.670651281851851e-07]
0 190 2470 9.500025506960415e-11 0.3188199269998222 [3.3411768674298916e-06, -5.693529207548947e-07, 3.2511504225067174e-06, -5.944045901336783e-08, -1.3038647098894466e-07]
0 288 3744 3.575121453049868e-11 0.5058910030002153 [-5.047655601002684e-06, 3.711644436629581e-07, -1.362422670387727e-07, -6.66127458803898e-07, -5.563457984425546e-08]
0 247 3211 9.20507344365573e-11 0.4197681810001086 [6.137260945229102e-07, 1.4247468348638825e-06, -1.2318375678208234e-07, 2.257159178188338e-08, -1.1970183925004188e-06]
0 252 3276 9.97169189087301e-11 0.4058822759998293 [-2.993515532166827e-06, 2.69106103103593e-06, -1.0895939924037051e-06, -1.6217401860138278e-06, -2.814962903371277e-07]
0 235 3055 6.639708437012148e-11 0.4044101489998866 [4.756288665944524e-06, -9.56638831554236e-07, -5.213915209219983e-07, -1.2097000335459988e-06, -3.5596316935677914e-07]
0 192 2496 6.078841160972e-11 0.3140342590004366 [-5.370446225903027e-07, 1.7089702670034414e-07, 2.4502959161720867e-06, 4.965854195603917e-07, 3.791869687091441e-07]
0 271 3523 8.149553240494131e-11 0.4469400250000035 [-5.562015412731404e-06, 2.5297964287882163e-06, -4.378134162291059e-07, 2.5058766677579565e-07, 7.064024110640368e-07]
0 214 2782 5.930090407758057e-11 0.3722080409997943 [-5.869555434685202e-06, 4.95772263186417e-07, -5.711710848845895e-07, 6.33555751661346e-07, 4.6552473433619815e-07]
0 244 3172 5.995502944484213e-11 0.38952596000035555 [-6.580419319425042e-07, 3.328147092499795e-06, -4.5289852018448914e-07, 6.964720500369023e-07, -5.272003972052247e-07]
0 169 2197 2.1267112768080175e-11 0.30165589900025225 [2.3009922550509027e-07, 3.0767660462202487e-07, -4.714432735273568e-07, 9.141798466029068e-07, -1.4293334155906898e-07]
0 256 3328 9.513939454139449e-11 0.42074721900007717 [-1.931124381691278e-06, 3.706384522317846e-06, -1.167230520974691e-06, 1.3978078948739972e-06, 9.506485770811995e-08]
0 275 3575 9.86826115899672e-11 0.45320538299984037 [-8.811123642788013e-07, -5.631701982272213e-06, 3.336402684333675e-07, -4.9943429654705e-07, 2.3880147731020983e-07]

