356 10000 130000 34.130050531094085 14.056507684000053 [3.071957645022058, -1.3780596229681905, 1.4093041791052963, -0.05337034041487787, 0.25732641537351336]
346 10000 130000 20215.556825947795 14.272140021000041 [3.858584575753077, -2.4931458480548354, 2.70583323854203, 1.0249156230850134, -0.8332476714826651]
340 10000 130000 8.473785102605895 15.779844543000081 [2.1144475867252663, 0.26200666422275987, 0.43569241249090396, 0.19452174057372223, 0.159594060350167]
322 10000 130000 0.1589730497716595 15.403047130999994 [-0.28239228804381683, -0.1375340929068782, 0.0407356681293595, -0.0156374511931468, 0.011891703742420656]
339 10000 130000 0.666797332339115 15.339776228000119 [0.8044514181115028, -0.002936270703789143, -0.030313420379506288, -0.01847211675046662, 0.00928226200207974]
342 10000 130000 85.01303874141156 16.076097165999954 [1.953307292575202, 0.2518650731223169, -0.7914417895357082, 0.36735749677244656, -1.105492869969551]
354 10000 130000 0.69410088466692 14.99811230299997 [0.0070990981211070114, -0.07666228946789536, 0.26985837133955154, 0.07245378834607055, -0.0035434261990613287]
318 10000 130000 0.0001644409224625122 15.675850080999908 [-0.00815011727797582, -0.0011745817357729628, 0.0013923551647022573, 0.0009388164954129345, -0.0010019180168392993]
353 10000 130000 62.68030103067403 16.035817808000047 [6.150975723742387, -1.3639525370123629, 1.571512440395742, 0.098706388370426, -0.07505440618944847]
359 10000 130000 0.0027289413528976364 15.192791962000001 [-0.04888300477895305, 0.0026701626914410314, 0.0018073096072997493, -0.002715233053632094, -0.0015030242215380474]
390 10000 130000 0.7015185651035868 15.296769936999908 [-0.07318519725865014, 0.19751571013182162, -0.0073045467389417085, -0.07246141928620174, -0.08892700852529378]
347 10000 130000 6910.241295650363 14.097566400000005 [2.6379359811426544, 6.764619383647176, -1.5341724568240231, 0.6317578331238912, 0.3448977923488761]
328 10000 130000 799.0288524417717 14.10333276099982 [-2.315717337038081, -0.9936809543680664, 4.0425417262286585, 3.3799491574788614, -2.048047703780969]
329 10000 130000 3.3386217026174894 14.834041152000054 [0.16484294951511044, -0.1665677942615456, 0.6411994254407214, 0.037971177669902184, 0.018220385950566475]
348 10000 130000 1.587801281082402 15.48630872700005 [-0.0701925588783175, 0.3295874073603832, 0.15122472334381676, -0.13454503944848506, 0.10909898288399901]
355 10000 130000 48.52822481866595 17.892426844999818 [1.238497825115009, 2.758185832145078, 1.7215194247501757, 0.05991448163141838, 0.21620003876438915]
347 10000 130000 0.1121360618366075 16.66644560000009 [0.035589859564573584, -0.18136776893081458, 0.006930514460925921, -0.017566174853910113, 0.014335227164744235]
331 10000 130000 16.846901207746885 15.489142055999991 [0.9555987061437535, 1.2599997182142129, -1.1001531401287576, 0.31095690475130755, -0.0320893237602487]
352 10000 130000 18.296807109824343 15.414798789000088 [2.9770078917467795, 1.6011057661971084, -0.2034002661172277, 0.30255577026881547, 0.011931645256514559]
352 10000 130000 0.034443954189541603 15.102723625999943 [-0.0701026031777747, -0.04465533391513326, -0.05461634112822283, 0.005664289810311459, -0.001797948517452268]
358 10000 130000 2781.662385848334 15.308108272000027 [6.549872233066213, 6.5599273466295855, 6.227356941163127, 3.815263310588007, 1.174090718663083]
354 10000 130000 0.5918556790645599 14.786939596000138 [-0.15602783812210827, -0.44044884764706616, 0.009905093049654687, -0.027532229481361345, 0.013308038135433261]
363 10000 130000 105.38045990763621 15.338175814999886 [0.7915048825936909, 1.8119313127525691, -1.8128413072371083, 0.794069490420968, -0.9715725708121026]
327 10000 130000 787.2918594248839 14.992105836000064 [5.689620397232705, 1.7437730894791181, 3.4607550786431056, 4.432827450309806, 1.960354897104813]
321 10000 130000 15478.971178495332 15.113044016999993 [2.7033563536840406, 1.8120196503117976, -1.3203023657401398, -1.972009392598329, -2.3203106298599248]
324 10000 130000 3453.0539536687365 15.120755130999896 [6.266455075814427, -2.1096247389676255, 0.09841350587083611, 3.185644493079444, 4.397422072894174]
331 10000 130000 29.117926017504505 14.488417950999974 [4.587117352616798, -0.3952902343055448, 0.4481441894741941, 0.45485840119098075, 0.16484707439329221]
336 10000 130000 0.009157092197119063 14.354912931999934 [0.009322828252912821, 0.004124491677454805, -0.015808043303617587, -0.015178212813220463, 0.005953266177213918]
349 10000 130000 0.8179240547583387 14.91129422300014 [-0.6215127528597184, -0.11969265913382317, -0.08275373988929968, -0.11982325378896713, -0.022158160596658424]
331 10000 130000 3521.1531475668335 15.460056583000096 [1.408188638792455, 2.8951988733757714, -0.30365365586119386, 3.415225132664559, 6.601922904367188]
355 10000 130000 19.293414541949176 15.448223786000199 [1.5339415697046876, -0.09903171385752063, -1.294772927936785, 0.41136969783101895, 0.06922313410895842]
370 10000 130000 26658.94550040166 15.26408552699968 [5.215532539976021, 3.7705966163216327, 3.4520575298210363, -0.5679399573364572, -1.5488221002905986]
354 10000 130000 0.0946309588289448 14.585346769000353 [-0.17871105582244007, 0.03449806654660991, -0.05996649656487586, 0.028672700321752603, -0.01518724866672145]
347 10000 130000 25.475251402176312 14.366921414999979 [2.9306309622515085, 0.26646095838929257, -0.08708431743819123, 0.8627780741085727, 0.09946272892654298]
340 10000 130000 16837.39698935195 15.320304035999925 (4.06321052476634, 2.234290857627041, 5.7493999277045855, 0.9593992538929843, 2.179039867149595)
341 10000 130000 0.12378654717596244 15.95810349300018 [0.02141443509455144, 0.03567575168936567, 0.02522054288740825, -0.07080561753959087, -0.010689743980539542]
382 10000 130000 10867.510546672673 15.966629523000393 [-0.7608431014574912, -1.2408683281304294, -0.6570553339784646, 1.5827517430263223, 0.604078387916184]
350 10000 130000 12349.05397996498 15.84618819699972 [-1.2827513770779395, 2.9402338801468204, 1.6663430460459292, 4.481140791322069, 4.133587302713727]
323 10000 130000 6.649796192106695 14.615961229000277 [-0.4753479732024479, 1.4213296212783502, -0.08472741720117868, 0.13593541465921258, 0.07628755554558729]
336 10000 130000 6765.751334365378 14.845973459000106 [-0.8641011829241383, 2.089750623553143, 3.824116216513393, -2.151530872356692, 2.95404471954237]
344 10000 130000 6676.033930819293 15.698557291999805 [3.5988752312848744, -0.9486102561805039, -2.7386606569503966, 3.153406167472688, -1.2298387677929221]
362 10000 130000 8873.913728472435 14.551442652999867 [-0.5087868193053432, 1.8353097857805454, 2.254716979267692, 6.818620072590194, -0.9935850618739657]
348 10000 130000 140.285548261528 14.371943148000355 [1.0730725303426016, -0.6143020369775681, 3.072098997894548, -1.6248845553342954, 0.36821991899726364]
310 10000 130000 1.4513677281240356 14.351867506000417 [-0.14884600485194527, -0.5844387152536057, -0.2191403167106689, 0.06773797720762731, 0.011625545783162425]
352 10000 130000 2353.7215743011516 14.645080098000108 [4.0965519760438704, 2.269862171204013, 1.9369266543182866, 1.4028129175528434, 5.198691445184403]
324 10000 130000 4055.114900647731 15.454624499000147 [5.812452377525061, 2.4487793553017276, 4.35967191586549, -1.293837087804276, 1.007020207860596]
337 10000 130000 12.249118125767824 14.350720217999879 [0.8011096210873994, 0.37816465491004747, 1.1540722708688147, 0.0028772272009246064, 0.12231927368259343]
357 10000 130000 0.29025884286527565 14.300068653999915 [0.33525271118316624, 0.08042636908036666, -0.11874430329383116, 0.006103750939587359, 0.028848229717503067]
350 10000 130000 13029.405786237952 14.244719539000016 [-0.7571834102978809, -1.29281674133042, 4.189711397376751, -2.4360103993812574, 6.221219501284171]
352 10000 130000 21879.16910944696 14.184487792000255 [0.3979461140984113, 4.289240471296148, 0.6927854678708529, 2.7576863723063854, -0.6424291220953006]

