0 14 182 1.5380563038214602e-11 0.02111111100020935 [-3.9218060939080865e-06]
1 38 494 1.2846093101700954e-16 0.05931698599943047 [1.1334060658784633e-08]
3 48 624 9.797124624851895e-11 0.06457392900028935 [-9.898042546307778e-06]
3 45 585 9.509146695943244e-12 0.07090579099985916 [-3.083690434518881e-06]
2 33 429 5.765547439261466e-12 0.0515926309999486 [-2.40115543837992e-06]
1 24 312 4.9720341423062946e-11 0.03719689700028539 [7.051265235619984e-06]
1 22 286 2.2686988264062955e-11 0.03372003599997697 [-4.763086002169492e-06]
1 21 273 7.643625545289454e-11 0.031471956000132195 [8.742783049629823e-06]
3 56 728 4.4422735502588926e-11 0.07147274500039202 [-6.665038297158459e-06]
2 30 390 4.34711169089073e-11 0.04463773099996615 [-6.593262994065025e-06]
1 47 611 7.380538569383075e-12 0.06938705099946674 [2.716714664697615e-06]
2 28 364 1.0419721905115628e-11 0.04050781200021447 [-3.227959402643662e-06]
20 222 2886 1.0037806744270204e-11 0.3301810729999488 [3.1682497919624652e-06]
1 19 247 7.263491214473003e-13 0.02638705299978028 [8.522611814739073e-07]
0 19 247 3.757226074512096e-11 0.026031289000457036 [6.129621582538433e-06]
6 103 1339 1.3921023791300496e-11 0.13492205400052626 [3.73108882114866e-06]
3 45 585 8.241596027215398e-11 0.06780025299940462 [9.07832364878858e-06]
0 13 169 9.185044804572813e-11 0.020149537000179407 [-9.583863941319709e-06]
1 26 338 2.514654746226748e-11 0.036119846000474354 [5.014633332783912e-06]
3 44 572 5.5262305848604633e-11 0.05782905199976085 [7.433862108527749e-06]
1 26 338 5.878199271797928e-11 0.03534999899966351 [-7.666941549143262e-06]
1 29 377 1.7266485725079515e-11 0.038288636000288534 [-4.155296105583754e-06]
1 13 169 9.667767353058106e-12 0.018518787999710185 [3.1093033549427283e-06]
4 90 1170 2.189795665692242e-12 0.13092056900040916 [-1.4797958189197055e-06]
3 63 819 2.051333350525043e-12 0.0861841550004101 [1.4322476568404791e-06]
3 61 793 2.6702607507403055e-11 0.09143580500040116 [5.16745658011783e-06]
0 21 273 1.3497656981367178e-11 0.030570906000320974 [3.673915755888692e-06]
0 12 156 1.0278204497531074e-11 0.017579962000127125 [-3.20596389523199e-06]
2 48 624 5.968038221345548e-11 0.061239556999680644 [-7.725307904119776e-06]
0 14 182 1.0890111796310693e-11 0.02354235900020285 [3.3000169387914803e-06]
2 29 377 5.922385628862295e-11 0.04463177299930976 [-7.695703755253509e-06]
0 20 260 8.548467510861383e-12 0.029710099999647355 [-2.923776241585765e-06]
5 65 845 2.8803053583763506e-11 0.08707343700007186 [5.3668476393282775e-06]
2 38 494 8.397651072688909e-11 0.05256937499962078 [9.163869855409836e-06]
0 19 247 6.788009224415427e-13 0.030175634000443097 [-8.238937567681543e-07]
2 43 559 8.441513814141315e-11 0.06376621399977012 [9.187771119341902e-06]
0 20 260 3.2756756829413826e-11 0.02812639300009323 [-5.723351887610426e-06]
0 16 208 5.5419923533737865e-11 0.02227190299981885 [7.444455892389844e-06]
0 13 169 5.564126243242769e-12 0.018017862999840872 [2.3588400206972005e-06]
4 57 741 7.144583165003457e-11 0.08009765400038305 [8.452563614077955e-06]
3 62 806 5.259936456172048e-11 0.09982136500002525 [-7.252541937949789e-06]
4 74 962 2.4389150982975974e-11 0.09598176899999089 [4.938537332346084e-06]
5 81 1053 3.7722817933087575e-11 0.11933216299985361 [-6.141890420146518e-06]
1 41 533 4.106426531260833e-12 0.05289123100010329 [-2.0264319705484398e-06]
0 26 338 5.282806843965968e-11 0.03683711899975606 [7.268291989158091e-06]
1 30 390 2.960231777255715e-11 0.04201158400064742 [-5.44080120685889e-06]
4 48 624 2.0232919757159828e-11 0.0643469639999239 [-4.498101794886353e-06]
0 14 182 4.838044014704461e-13 0.023501325999859546 [6.955604944722249e-07]
0 12 156 2.3764848877873334e-11 0.02202727500025503 [-4.874920397080688e-06]
0 19 247 2.0182201227311768e-11 0.030865468999763834 [4.492460487006176e-06]

