0 30 390 3.882421513741074e-11 0.04111066999939794 [6.230908050790891e-06]
0 13 169 8.659660054332356e-11 0.019938438000281167 [9.305729447137584e-06]
0 23 299 8.66971600253487e-11 0.036653461000241805 [-9.311130974556673e-06]
0 24 312 1.924949651699843e-11 0.04223360100058926 [-4.387424816107785e-06]
0 19 247 2.9188181292687095e-11 0.03312858800018148 [-5.402608748807107e-06]
0 22 286 3.85234811330239e-11 0.03986375800013775 [6.206728698197135e-06]
0 26 338 2.4493888695116167e-12 0.046411561999775586 [-1.5650523536008681e-06]
0 24 312 1.7854265471176417e-12 0.044565500000317115 [1.3361985433002244e-06]
0 19 247 2.3376605124163065e-14 0.034149940999668615 [-1.5289409774142057e-07]
0 19 247 3.386287310100316e-11 0.030389620999812905 [-5.8191814803289265e-06]
0 28 364 2.9588113231175314e-11 0.047919288000230154 [-5.439495678017891e-06]
0 13 169 9.722275360653791e-11 0.020535688000563823 [-9.860159917898792e-06]
0 25 325 5.249505751227354e-13 0.03619876699940505 [-7.245347301011425e-07]
0 33 429 2.84447332297317e-11 0.049513089999891235 [-5.333360406885297e-06]
0 19 247 1.3778343790535073e-11 0.03362170700074785 [3.7119191519394753e-06]
0 21 273 9.012792907260167e-11 0.034305623000363994 [9.493573040357443e-06]
0 20 260 8.98344637949135e-11 0.029140636999727576 [-9.478104441021606e-06]
0 15 195 2.5040602931422996e-11 0.02288561200020922 [5.00405864588166e-06]
0 20 260 7.615281765723019e-12 0.031924044999868784 [2.75957999806547e-06]
0 19 247 2.7922214302715554e-11 0.029924816999482573 [5.2841474527794504e-06]
0 11 143 1.1321539674209854e-11 0.01925198899971292 [-3.364749570801645e-06]
0 23 299 8.276423961360708e-12 0.038885215000846074 [-2.8768774672134905e-06]
0 20 260 2.4213006763831777e-11 0.03489414999967266 [-4.920671373281473e-06]
0 20 260 1.7467429454368137e-11 0.03231432800021139 [-4.179405394834071e-06]
0 15 195 2.7577188214279823e-12 0.022743786000319233 [1.6606380765922423e-06]
0 18 234 7.538656850372826e-11 0.026407307999761542 [-8.682543895871086e-06]
0 15 195 8.777155863128795e-12 0.02391277600054309 [2.9626265142823513e-06]
0 19 247 7.826504114059949e-14 0.030538018000697775 [2.7975889823310266e-07]
0 13 169 4.2304616824007465e-11 0.02064207500006887 [-6.504199937271875e-06]
0 15 195 3.283732422820411e-11 0.024252268000054755 [5.730386045303066e-06]
0 20 260 5.26523681632537e-11 0.03140541300035693 [-7.256195157467424e-06]
0 18 234 1.0804167284215695e-11 0.026063745000101335 [3.2869693159832958e-06]
0 37 481 4.149358041542441e-11 0.05417777899947396 [6.441551087698087e-06]
0 23 299 9.22430763162192e-11 0.032503643999916676 [-9.604325916805364e-06]
0 38 494 1.76573960304743e-11 0.06344637999973202 [-4.202070445682021e-06]
0 30 390 1.0877627723156664e-11 0.048220607999610365 [-3.298124879860777e-06]
0 60 780 6.287996557466392e-13 0.08089778700013994 [7.92968886997869e-07]
0 18 234 1.6214246306963888e-11 0.026440335000188497 [-4.026691732298847e-06]
0 18 234 6.243618978785743e-11 0.026128989000426373 [7.901657407649197e-06]
0 18 234 4.684027238328683e-12 0.027796236000540375 [-2.1642613609101566e-06]
0 22 286 1.1641849029993035e-11 0.04038162100005138 [-3.4120153912303846e-06]
0 18 234 2.8471796371918885e-11 0.028543956000248727 [-5.335896960391841e-06]
0 21 273 1.2832503780272405e-11 0.032177457000216236 [3.582248425259254e-06]
0 19 247 7.598948231829096e-11 0.02734120399964013 [8.717194635792582e-06]
0 31 403 4.119295687306918e-12 0.04320141300013347 [-2.029604810623713e-06]
0 71 923 8.474478334018747e-11 0.10551215499981481 [-9.20569298533182e-06]
0 23 299 7.553459826660675e-11 0.036509528000351565 [8.69106427698051e-06]
0 23 299 8.712097099445448e-11 0.03778260099988984 [9.333861526423803e-06]
0 20 260 4.727442590789544e-11 0.029110702000252786 [6.875640036236295e-06]
0 25 325 4.887192940132106e-11 0.03648296699975617 [-6.990846114836248e-06]

