347 10000 130000 21.153384746937878 16.10876205500017 [2.4574402205039134, -0.7584656665687739, 0.03787216010999073, 0.5156350515538527, 0.13557834051596807]
331 10000 130000 84.07514082419641 15.536296199999924 [-0.10803674928118534, -1.0294856801577734, -0.03258336890598649, -0.01744839300973674, 0.051951168996899846]
371 10000 130000 3569.4589056322425 15.28059581799971 [1.773469563647302, 2.368827375091991, -0.012553607356882601, 5.064114830215889, 3.513320492166824]
383 10000 130000 11527.087383151691 14.89497138600018 (-1.3741434653812152, 3.8784878366410354, -0.5969154014800888, 6.321341164293603, 1.4954784070152876)
340 10000 130000 1779.7987280661207 14.455562286000259 [2.126971477375054, 1.0775720429540225, 4.176500174008373, -0.7032431745535739, 1.392978993323445]
416 10000 130000 2048.8553475378767 14.432860044000336 [0.2731119661488561, 4.052728904663191, 3.6881919501550575, 0.7061478375716028, 4.4016961447795895]
393 10000 130000 55.75728760832565 14.905186336000043 [-1.5170894592399249, -1.8345386957098195, 0.7058674699714139, -0.0747416493717093, -0.5995137162035973]
378 10000 130000 0.2922039510272607 16.18564615000014 [-0.43874101680839794, 0.08937990681776634, -0.019239912102725243, 0.030622551750945907, -0.0301271547602158]
362 10000 130000 2498.993771450285 14.865754215999914 [3.367539758449758, -1.7727406229959728, 1.8097676267329035, 3.1843652491521155, -0.5997844303245777]
367 10000 130000 17031.868707675807 14.975927688999946 [4.448023943804471, 0.13112550594980957, 2.1420890647164814, 0.31315368152101497, 0.035005897453179724]
367 10000 130000 645.504889765548 15.18181783099999 [4.018909515247349, 1.284245827012542, 2.047129149412683, 1.3399160031172088, 3.0205811783168524]
396 10000 130000 200.5488672608505 14.670385033000002 [2.39825664409747, -0.28170281258236124, -0.3702675743166728, 1.788369089824273, -1.2874855510445498]
376 10000 130000 11582.538695336947 14.924770643000102 (6.003025777218584, 6.0136537343371685, 6.51786320692451, 0.2862644325933701, 1.27244219231509)
363 10000 130000 260.73494375940953 15.284524772000168 [2.5022314509858616, 2.407629134685913, -0.6349865295551061, 3.095733235583271, 0.24203715385379024]
398 10000 130000 15381.50707629089 15.421524665000106 [2.017883530010048, 2.8722772206357945, 3.458032507149869, 0.3421504677847258, 4.532745662377314]
350 10000 130000 15.265509011397114 15.195810708999943 [1.7140044185278256, -0.7497206762902917, -0.23672766417988217, -0.19047127040584372, 0.3990901555926978]
357 10000 130000 1551.6209795180623 16.236522667999907 [5.816145305392471, 0.4492971848149132, -0.84996371855272, 3.7631400716510806, 0.8190094158865815]
389 10000 130000 1372.8079535181905 14.84416247199988 [-1.4249408331624174, 0.6294842621275141, 5.103540622109664, 0.4234824242329703, -0.2294559193982626]
378 10000 130000 11159.692555899492 14.573113828999794 [-1.4368289435970434, 3.177217601545402, 1.0728704306987902, 0.7510058798310641, 0.7748397430758229]
376 10000 130000 420.66317633794233 14.486918372000218 [5.806597326943633, 1.0667803291079911, -0.2823208341046157, -0.3856408756143721, 0.9153364961904046]
369 10000 130000 10681.802744524359 14.6655185730001 [1.8366523475695882, 6.30194067830653, -0.1115292138137498, 5.026590525450402, -0.6551353181379811]
396 10000 130000 2097.846048276253 14.223775229000239 [1.9291765348269003, 3.8643586983067575, 1.759064548274251, 5.028831409657057, 1.5887303904561503]
364 10000 130000 8739.858887147931 13.864921919000153 [5.393395424796125, 1.3433944124593398, 0.9679772018351969, 5.303666682804385, -0.7770429137229679]
368 10000 130000 149.7724306329263 14.165404060000128 [4.312175753943073, 2.9330493809589364, 2.3484832860177085, 0.31474386978364616, -0.4232667176728435]
357 10000 130000 20245.27469093323 14.346863355000096 [-0.18805510802049064, -0.4615687239311674, 1.5313412254534198, 0.6289412177563141, -1.1651023783965866]
361 10000 130000 65.3081271550675 14.136255763999998 [-2.422118143112921, -1.00213726479132, 2.4028346667232445, 0.445865224440878, 0.1284216783113914]
336 10000 130000 1087.5630332151222 14.211894705999839 [3.497015534730409, 3.969581159572432, -0.1773254863086089, 4.041868813233697, -1.0324130569426404]
370 10000 130000 7783.63896844162 14.165650940999967 [5.111711156386647, 2.6408869430608286, 4.272007870288066, -0.9425772187587032, -1.7351564223286715]
376 10000 130000 1580.8717488759212 14.37128123499997 [1.9149431034270463, 6.097621145006704, 1.441587054975282, -2.6222224415775433, 0.03753618414379878]
406 10000 130000 13591.065406381018 14.419267415999911 [1.8986359286751209, 3.1012488028792755, 4.870850586589007, 4.6785506655843445, 0.6866826976776489]
378 10000 130000 1158.8408700534724 14.208423935000155 [-0.7627916856822883, 1.2354474390588264, 4.082958125371683, -0.8644481737159078, -1.164485479337128]
379 10000 130000 11100.9486922383 14.391745075000017 [4.793321700931745, 4.8101142805786825, -1.1388608546434498, 6.241228367505778, 1.5074673198137862]
331 10000 130000 9156.71856227645 14.189840251000078 [4.932272879042928, -0.07091917857989183, 2.8681926232564714, -0.2832064807543908, 5.56911549724591]
387 10000 130000 15.966609111129788 14.396153120000236 [-1.1443226882512199, 1.2630968618109286, -0.45857981107240364, -0.2737413403102745, -0.07106422072000781]
339 10000 130000 186.90964494427567 14.29267062200006 [5.6147346399870806, 4.424441409049928, -1.5595811691360628, 0.044992531564563676, -0.6056019180085347]
343 10000 130000 2.8572230242298184 14.71443144900013 [1.6692752169941194, -0.04377992294928473, -0.01588624284707666, -0.05106783682309689, -0.011012265442353245]
369 10000 130000 9.997015731302929 14.209356662999653 [0.8597166514191614, -1.572283616736261, -0.24494280268764895, -0.2187092907573629, 0.12144163026896965]
393 10000 130000 17209.921182914983 14.491377523999745 [0.18825258342350004, 2.275894057794703, 3.4511539204030663, 5.848706299323507, 4.598617355595079]
366 10000 130000 965.8431848605248 14.355794627999785 [3.230665785666526, 1.9317064269508226, 0.045816594885358164, 1.5843961346391577, -0.6333201066682717]
376 10000 130000 307.9683900661822 14.355119023000043 [0.04158642040532534, -2.620255650173358, 4.18580146384926, -0.4001209579811582, -0.5699666222185469]
348 10000 130000 99.15572707555481 14.481266415000391 [4.8166315286813095, -0.638324455804903, -0.1736118475639783, -0.07683720368858904, -0.05718252052712139]
366 10000 130000 825.8789214500516 14.222922687000391 [-1.739340830471479, 2.29237673582252, 2.1832049425574738, 0.8264528706511332, -1.3596201387034388]
387 10000 130000 55.6048107938444 14.31962111599978 [0.33159545112926814, 4.459733987485837, 0.12074621248475803, 0.04225390594333097, 0.00302608380210681]
363 10000 130000 4.411944133336757 14.196876699000313 [0.2843518093271605, -0.20352004838314142, -0.32886329443645274, 0.18647811486151525, -0.2094252461393644]
341 10000 130000 0.6077958301332312 13.819826145999741 [0.47137700357130885, 0.34001559014956845, 0.01976513297130649, -0.043689017257991236, -0.018154932793182196]
352 10000 130000 10685.755329643922 14.3849414350002 [2.011985791275866, 2.9986072559515735, 1.4978279710121454, 4.410416197970193, -2.9643770195536505]
377 10000 130000 0.01162598323605037 16.089232005000213 [0.06254767547747836, -0.007063260604117629, 0.02136002710212835, -0.006121353423913865, -0.007346044713788122]
338 10000 130000 457.48983843771316 15.239015297000151 [4.974591925558773, 5.761969678104716, -0.978993329771604, 2.142197753774693, 1.165665296694006]
370 10000 130000 15324.627525879918 14.705235928000548 [-1.7261934413953193, -0.1570032045401939, 4.33580982739206, 4.989315306760962, -1.2473154222734069]
375 10000 130000 351.3786805427295 15.19755706900014 [0.832204610276571, 5.993334726900848, 4.8560124529951905, 0.9651062972326209, -0.21747879583778268]

