1 26 338 3.6269016868819594e-11 0.0421546319994377 [-6.022376347324999e-06]
6 98 1274 5.547912854480458e-11 0.13771627099959005 [7.448431280800312e-06]
1 25 325 1.2983904095122449e-11 0.03420392499992886 [-3.6033184837205897e-06]
0 18 234 2.7713082014942387e-11 0.023332574000050954 [-5.264321610135762e-06]
2 41 533 5.4982820790969753e-11 0.061628806999578956 [-7.415040174602546e-06]
1 39 507 2.0702334250032685e-11 0.05454784900030063 [-4.54998178568142e-06]
0 15 195 7.816788137463741e-13 0.020479392999732227 [-8.841260168926e-07]
7 97 1261 4.246652557256071e-12 0.12725439699988783 [2.0607407787628386e-06]
2 39 507 2.2971443335765473e-11 0.05765928399978293 [-4.792853360553134e-06]
0 21 273 1.1976132717944505e-11 0.031765480999638385 [3.4606549550546793e-06]
0 20 260 1.755061341574144e-11 0.02864466600021842 [4.189345225180355e-06]
0 27 351 7.295765201171448e-11 0.03809074499986309 [-8.541525157237112e-06]
4 103 1339 3.0872219737921524e-11 0.14837676800016197 [-5.556277507281429e-06]
3 76 988 1.8225422029527497e-12 0.11418859100012924 [1.350015630632753e-06]
2 37 481 6.347848079850398e-11 0.046967218000645516 [-7.967338376051564e-06]
0 23 299 8.859197427890591e-12 0.02967021200038289 [2.9764403954876353e-06]
1 32 416 6.938112581031598e-11 0.04736589599997387 [8.329533348892721e-06]
0 21 273 1.7094552141257643e-11 0.032603139000457304 [4.134555857798712e-06]
0 23 299 8.773506440877686e-11 0.03532330800044292 [9.366699760789649e-06]
5 69 897 3.343688099186092e-14 0.09498929700021108 [-1.8285754289025356e-07]
0 20 260 1.2987442252273708e-11 0.02523822500006645 [3.603809408427936e-06]
3 72 936 2.0631438760785113e-11 0.10822362399994745 [4.5421843600612595e-06]
2 31 403 7.196601606471071e-12 0.044157448999612825 [2.682648245012952e-06]
3 70 910 3.7278430304602156e-11 0.08931518100052926 [6.105606464930585e-06]
2 30 390 2.5553520250110154e-11 0.041488240999569825 [-5.055048985925869e-06]
2 70 910 1.942206188553031e-11 0.10233289000007062 [4.4070468440363e-06]
2 43 559 2.6464988148570577e-11 0.060372932000063884 [-5.144413294883157e-06]
3 53 689 1.1886195081364409e-11 0.06824685599985969 [3.447636158495326e-06]
4 90 1170 7.849729838488946e-11 0.12420238499998959 [8.859870111061982e-06]
0 18 234 9.90322437384796e-12 0.026743804000034288 [-3.1469388894365204e-06]
4 64 832 5.495461996813798e-11 0.08576008199997887 [-7.413138334614968e-06]
1 37 481 4.79183375201489e-12 0.048579141999653075 [-2.1890257540775736e-06]
1 19 247 9.393156584628466e-11 0.02603817599992908 [9.691829850254526e-06]
4 63 819 4.7125110950627513e-11 0.09083943299992825 [6.864773190035306e-06]
1 33 429 9.291047218386717e-11 0.0450361459998021 [9.639007842297213e-06]
17 265 3445 6.987839131485677e-11 0.3547307799999544 [-8.359329597213928e-06]
0 26 338 7.980678830726601e-11 0.034469752999939374 [-8.933464518722062e-06]
4 68 884 2.9183129091729774e-12 0.08839465999972163 [-1.708307030124555e-06]
1 36 468 6.204023772779161e-12 0.046198778999496426 [2.490787781562123e-06]
0 23 299 4.112855968477754e-11 0.030175508999491285 [-6.41315520510595e-06]
0 21 273 9.745702868892913e-11 0.03398511899922596 [-9.87203265234314e-06]
1 19 247 9.263996101307683e-11 0.02946245800012548 [-9.624965507111017e-06]
2 45 585 4.7397140751999526e-11 0.0636174139999639 [6.884558137745626e-06]
1 31 403 1.9684965563479613e-12 0.0410294220000651 [-1.4030312029131645e-06]
1 33 429 8.095789607386758e-11 0.043958672000371735 [-8.99766058894575e-06]
1 35 455 6.552488675052323e-11 0.05306980699970154 [8.094744390684812e-06]
1 30 390 3.982909598885607e-11 0.04381102800016379 [-6.311029709077281e-06]
3 49 637 1.0378698856880868e-12 0.06477953599915054 [-1.0187589929360559e-06]
5 92 1196 1.5918400604501504e-12 0.13454017700041732 [1.2616814417475397e-06]
5 69 897 6.352045449105365e-11 0.0894763710002735 [7.969972050832653e-06]

