99 2981 38753 1.5136789501382662e-11 4.232470717000069 [1.6180429952995615e-06, -9.30391709800463e-07, -1.9653088892310028e-07]
342 9000 117000 9.400868273944721e-11 12.724648845000047 [9.092764369473624e-06, -1.0383213839455607e-06, 7.410842712484827e-08]
367 10000 130000 2.1501454352325604 14.198079138999674 [-0.35864219623376165, 0.44494347772770426, 0.020438744234649985]
391 10000 130000 5.487954358019277 13.867193129999578 [-1.091944050148056, -0.05664194079773069, 0.20648315802486653]
292 7298 94874 6.618744007070944e-11 10.135307874999853 [3.3810675129925435e-06, -2.069241788960016e-06, 3.4551710133525035e-07]
129 3433 44629 3.660541535090441e-11 4.7533571679996385 [5.171740097251189e-06, 2.527638726586085e-07, -3.0363833691045823e-07]
61 1872 24336 4.860709132873719e-11 2.5990118599993366 [-5.2276750848737075e-06, 2.2537895410161398e-07, -4.557471646231986e-07]
369 10000 130000 55.50907442042246 13.861561830000028 [0.6652974924010383, 0.09556281514874798, 0.7414521640040969]
357 10000 130000 8.554211460815079 13.69607110800007 [-2.4020666608692456, 0.4818185144254894, -0.06802914148537348]
147 3633 47229 5.1553194477195824e-11 5.079836926999633 [1.7341755612460068e-06, 2.1248098880145896e-06, -1.843273988838117e-07]
215 6141 79833 8.371022985091273e-11 8.596017138000207 [-3.2557445738870737e-06, -2.5558805602890713e-06, -2.790179695984082e-07]
389 10000 130000 0.005692055157439346 14.076054760999796 [-0.04511299646572022, -0.013502462376252508, 0.0042821814593757175]
163 4848 63024 8.537547160844562e-11 6.70417995400021 [-2.9228005430220993e-06, -2.7087049979251512e-06, -1.8606130538906842e-07]
49 1316 17108 4.272882953339774e-11 1.8330762180003148 [3.782144259305353e-07, -1.7433772466150026e-06, -3.491724665729916e-07]
75 2442 31746 4.676641174866111e-11 3.393395277000309 [3.260694376355787e-06, -5.354933672995866e-07, -5.767733737651587e-07]
372 10000 130000 0.015603168045734589 14.084922883999752 [-0.06085000274203142, -0.0027797407586692482, -0.010873442704670534]
40 1175 15275 9.076318014012935e-11 1.6479526170005556 [6.018417546306955e-06, -2.001140257382916e-06, 3.807388485727227e-07]
241 6919 89947 5.982569362094515e-11 9.75438803599991 [5.191420822904975e-06, -1.589020085111403e-06, -2.7613393763859017e-07]
386 10000 130000 12.114330101904201 14.144715339999493 [0.07144287537892735, 0.37295467315626496, 0.327387753820616]
395 10000 130000 16.473775970664576 13.932200489999559 [3.94254444719507, 0.2545319495858869, 0.053127593485492175]
171 4759 61867 2.810809258079091e-11 6.587092669999947 [3.9481370286384956e-06, -1.1176785378670075e-06, -1.6808760751221667e-08]
260 7161 93093 8.100028604769761e-11 9.973541116999513 [1.356102657061378e-06, -6.400122474471435e-07, -8.664012630553193e-07]
173 4305 55965 8.690995762630944e-11 5.939238832000228 [4.102837597449188e-06, -3.39233643501376e-07, 8.302161563498667e-07]
173 4017 52221 5.069652824578925e-11 5.555544146000102 [1.3166404014777452e-06, 7.93017356007684e-07, -6.532550882288755e-07]
393 10000 130000 0.007330552356106416 13.799031862999982 [0.0728104317142299, 0.013804858351640553, 0.001111090674091362]
42 1526 19838 7.115790213462598e-11 2.1252109229999405 [2.0839522221210423e-06, -1.79975829018684e-06, -5.867175320337732e-07]
407 10000 130000 2836.9789330939557 14.040808525000102 [5.30310343286132, 5.604136607513503, 4.532981972077101]
357 10000 130000 3.237599137252028 14.009868670000287 [1.422035468667936, -0.2588732266118933, 0.07384177601722919]
399 10000 130000 2104.2284179714493 13.910958435999419 (1.5848452745975186, 6.765925175242916, -1.3929197889001395)
388 10000 130000 1940.8766641418172 14.287164880999626 [1.711708931364483, 2.987440608831709, 4.2528798510693155]
376 10000 130000 63.05451328941404 13.789657500999965 [4.1259304175005065, 2.1048395891659375, 0.13144255468286534]
369 10000 130000 1.4513618185655348 13.781508619000306 [-1.2017448871264038, 0.004555672721659597, 0.008344760806406122]
45 1132 14716 7.08445450936498e-13 1.552451702000326 [-6.322118898931318e-07, -1.1018260012694801e-07, -4.3284122205134676e-08]
255 6982 90766 6.505691754980356e-11 9.713688162000835 [5.658996449844836e-06, -1.7482592600908035e-06, -1.571169095137333e-07]
392 10000 130000 10.69958619743775 13.876676866000707 [3.259425578142739, -0.08438314121878368, -0.006727520172492669]
183 5002 65026 6.560010684483798e-11 6.9171946110000135 [2.7849805657453417e-06, -2.126727274914782e-06, -3.551661734258231e-07]
105 2559 33267 2.1353995646482557e-11 3.5250341499995557 [-2.2517344338839338e-06, -3.732967572203733e-07, -3.8587799880573003e-07]
120 2636 34268 3.062411303180924e-11 3.656409998999152 [-3.504604473229533e-06, -1.3380750618473735e-06, 6.613711565000858e-08]
16 466 6058 6.164083381292407e-11 0.6419699830003083 [4.926850427950236e-07, 1.2017526842825462e-06, -6.852444827922884e-07]
258 6874 89362 4.516963827924793e-11 9.5423199199995 [-9.992933392393948e-07, -2.068758284668312e-06, -1.1719397158394913e-07]
188 4715 61295 1.395598707606388e-11 6.484268431999226 [1.643315966145603e-06, 7.393532921870558e-07, -2.406047963943455e-07]
353 10000 130000 0.3152367643753103 13.886886766000316 [0.5011548880634028, -0.0030896380287241815, -0.025295273059206744]
384 10000 130000 310.1388250354114 13.888160210000933 [1.3771476429658893, -0.8316646571545276, -1.6165569225526373]
281 7000 91000 9.034422904061501e-11 9.788598678000199 [-8.586615812208361e-06, 2.0128481222825044e-07, 4.026052927845178e-07]
391 10000 130000 0.5702678536611515 13.807398459999604 [-0.05784084643991849, 0.20828144053926845, 0.03648433984782196]
369 10000 130000 0.505422634698598 14.128353987000082 [0.6848525133808483, 0.046444166334989545, -0.012177464329248228]
179 5019 65247 9.920648523995388e-11 7.003001282000696 [-9.877070269480483e-06, 3.9914803186663464e-07, -2.3827844692405478e-08]
10 306 3978 7.135679800157237e-11 0.4570087310003146 [3.442426673769591e-06, 9.438790941520462e-07, 7.113186286996785e-07]
401 10000 130000 1745.2909789106307 13.897457412000222 [3.0498582013960176, -2.787861923870515, 4.022769696112789]
313 8393 109109 7.529101395907252e-11 11.826608981999016 [8.294811892371098e-06, 7.829381321332472e-07, -5.976524422844433e-08]

