0 84 1092 4.967476445595383e-11 0.1364854949997607 [1.7982413418189808e-06, -5.942623741961864e-06, 3.335613226079739e-06]
0 105 1365 9.964397242958137e-11 0.18134166300023935 [-5.329611453347787e-06, -7.86895095561441e-06, -3.052675063622155e-06]
0 92 1196 9.207553321922956e-11 0.18320765400039818 [-2.1363702003679413e-06, -5.256949880991127e-06, -7.737954092326781e-06]
0 94 1222 8.68734696353548e-11 0.14849093399971025 [8.076972708580802e-06, 4.650692755669133e-06, -8.389512835899116e-08]
0 95 1235 1.413897089449166e-11 0.15028093900036765 [-2.18934262639741e-06, -2.500756705043621e-06, 1.7583986069461957e-06]
0 78 1014 6.296468418003688e-11 0.11752341699957469 [6.054609187381007e-06, 5.048993848715263e-06, 9.02248792603138e-07]
0 86 1118 4.07563353770025e-11 0.13907733900032326 [-5.944323731078894e-06, 1.7296466798495452e-06, 1.5587408764833996e-06]
0 120 1560 6.869110051373731e-11 0.17954116800046904 [-3.860085868198083e-06, 6.913742088166714e-06, -2.447653558448769e-06]
0 104 1352 9.214454356754388e-11 0.16651316800016502 [1.776674067291662e-06, -9.406595222842033e-06, -7.098867091040874e-07]
0 86 1118 7.014226529964832e-11 0.13145328199971118 [2.6794656464433655e-06, -4.63455340951814e-06, -6.440779754307854e-06]
0 77 1001 9.833764898103789e-11 0.13325668500056054 [-8.627213562507709e-06, 2.894013944035919e-06, -3.94125848170944e-06]
0 137 1781 8.636181331658834e-11 0.22040461599954142 [-1.6980619057525202e-06, -6.698848210863576e-07, -9.112060875965358e-06]
0 125 1625 7.877348754665165e-11 0.20290574399950856 [-8.190766265433051e-06, 2.925885189308264e-06, 1.7674929676471425e-06]
0 100 1300 5.3053727569315806e-11 0.16194231900044542 [2.514976886444687e-06, 1.915233209468801e-06, -6.562050029016285e-06]
0 110 1430 5.506020547981043e-11 0.17316697499973088 [3.302626632493707e-06, 4.452893885572874e-06, 4.931997450321869e-06]
0 122 1586 7.25314563683993e-11 0.19803771800070535 [-3.892297060744624e-06, -4.3424345429148924e-06, -6.2068302860492e-06]
0 77 1001 7.080790829013124e-11 0.1358429209994938 [-5.756974507575627e-06, 5.165479883897639e-06, -3.3140564838735705e-06]
0 120 1560 7.335942950871874e-11 0.31105725199995504 [6.0393928088908215e-06, -3.338957213713646e-07, 6.0641304121767104e-06]
0 75 975 4.016612784962278e-12 0.2061470950002331 [1.971499780885718e-06, 1.842644023935708e-07, 3.0959332832020885e-07]
0 84 1092 7.096912968718368e-11 0.15007193200017355 [2.551134212206045e-06, -4.876108991190549e-06, -6.378432803167734e-06]
0 103 1339 6.772513689164376e-11 0.15340553199985152 [8.195008998557152e-06, -1.2251388311937337e-07, 7.429365744490484e-07]
0 101 1313 6.803241214063422e-11 0.17202794300010282 [5.0418772070363106e-06, 2.0678061182195733e-06, -6.191612409320826e-06]
0 93 1209 6.140965053294445e-11 0.15213398000014422 [2.9976323112896293e-06, -1.2528223600071751e-06, -7.131219194045496e-06]
0 123 1599 7.14643282594178e-11 0.2554451900005006 [8.13194174794883e-06, 2.137710869570151e-06, 8.752393418410419e-07]
0 138 1794 3.4176737934292465e-11 0.2831526150002901 [-2.232604093953666e-06, 5.344192572536983e-06, -7.948727203737371e-07]
0 111 1443 9.050980894234236e-11 0.3567979990002641 [3.119917756594912e-06, -8.406821038698895e-06, 3.1782514308524683e-06]
0 98 1274 5.351426083690979e-11 0.296490237999933 [3.2825243066233106e-06, -2.2652316606059869e-07, -6.5336040795700825e-06]
0 138 1794 1.2257170008310355e-11 0.33522339400042256 [-1.2013613145547266e-06, 8.638679747460688e-07, -3.1729533753917374e-06]
0 98 1274 7.759416572656833e-11 0.20819364599992696 [5.8642750886535666e-06, -3.968722777875971e-06, -5.239626219830377e-06]
0 93 1209 5.214148804764001e-11 0.18761913099933736 [2.1262603612352964e-06, 5.365650534102637e-06, -4.339389273822255e-06]
0 63 819 2.4406955717649646e-11 0.09772168200015585 [-3.4394083658882295e-06, 3.1438350861051184e-06, 1.641257676808284e-06]
0 111 1443 9.670313129876993e-11 0.19373605500004487 [8.381784690187819e-07, -6.9161491674637665e-06, 6.940278729722136e-06]
0 127 1651 8.862666880554034e-11 0.2051023059993895 [-1.0086508591992233e-06, 8.729514832677141e-06, -3.377108679898649e-06]
0 109 1417 5.830489053864241e-11 0.1771278389996951 [6.702316034491724e-06, -3.7188632307757576e-07, -3.6394437590304075e-06]
0 107 1391 7.485291880789999e-11 0.1758770780006671 [-3.041056523737317e-06, 2.086163571366078e-06, 7.826417800043634e-06]
0 80 1040 9.770011700774761e-11 0.12020664099964051 [3.699764286938702e-06, -5.5577800128542805e-06, -7.2885487278029525e-06]
0 113 1469 4.529134390328349e-11 0.17972228700000414 [-2.744129376341453e-07, 6.70670278299563e-06, 4.859827399210359e-07]
0 108 1404 4.173468283072083e-11 0.17937068700030068 [2.6967760028724466e-06, -5.3728409359334765e-06, -2.365303849024397e-06]
0 102 1326 8.432038498360583e-11 0.1663752900003601 [-1.1622263659146976e-07, -4.346420316816581e-06, -8.087985392661982e-06]
0 76 988 8.816757602341412e-11 0.11626183499993203 [5.714901194180512e-06, 4.208353395305503e-06, 6.147946166354169e-06]
0 121 1573 1.698198954353586e-11 0.18912480099970708 [-1.7058503548497851e-06, 3.3285242125051177e-06, -1.7300262070737277e-06]
0 128 1664 9.587441425551332e-11 0.1917767590002768 [8.776951205713959e-06, -4.088938271766194e-06, 1.4560651076498196e-06]
0 139 1807 9.783897195715884e-11 0.21584701600022527 [6.576689850482602e-07, 8.531105779459604e-06, -4.962527344301023e-06]
0 72 936 6.002360575705937e-11 0.11060487000031571 [-3.082267289856544e-06, -7.003159553111091e-06, -1.2161374858989514e-06]
0 110 1430 9.061588482108399e-11 0.1692445869994117 [-3.9305952427676766e-06, 8.66375024649825e-06, -3.2517306917642967e-07]
0 131 1703 8.514106716111506e-11 0.20425631500074815 [-2.2262699547665778e-06, 7.795139477370235e-08, -8.954256687725203e-06]
0 98 1274 7.89453198359791e-11 0.15569569099989167 [-4.467917431639635e-06, 1.544363036663454e-06, 7.523162664133843e-06]
0 94 1222 3.676076547049728e-11 0.1534447080002792 [-7.833024609857234e-07, -5.762780423061626e-06, 1.7139324726163103e-06]
0 103 1339 9.924605310777439e-11 0.15598821099956695 [9.917982936202489e-06, -2.0094369438648023e-07, 9.16127292823964e-07]
0 65 845 8.374013432388342e-11 0.10111560099994676 [-7.927743687177735e-06, -4.4741800293493365e-06, -9.341988114253727e-07]

