0 17 221 2.7771360235422612e-11 0.026169142999606265 [5.269853910254307e-06]
0 18 234 7.1681723167793614e-12 0.03050352100035525 [2.6773442656444766e-06]
0 18 234 5.2679878854076836e-11 0.026895259000411897 [7.258090579076348e-06]
0 11 143 1.0503087881100117e-11 0.020495493999987957 [-3.240846784576543e-06]
0 21 273 7.628213652087316e-11 0.034508081000240054 [8.733964536272927e-06]
0 58 754 3.176759026998509e-12 0.08448411100016529 [1.7823464946520665e-06]
0 13 169 4.432224271799254e-11 0.023846197000239044 [6.657495228536972e-06]
0 28 364 2.0275782147487297e-11 0.0485021879994747 [4.502863771810924e-06]
0 28 364 7.830413277980146e-11 0.04471602099965821 [-8.848962243099552e-06]
0 16 208 2.9053118601047246e-11 0.024500966999767115 [5.390094489064848e-06]
0 21 273 3.764570343742033e-12 0.03231796999989456 [-1.940250072475719e-06]
0 15 195 5.4171796615628914e-11 0.02466331200048444 [-7.3601492250924445e-06]
0 14 182 4.9180683200537757e-11 0.02162091700029123 [7.0128940673974075e-06]
0 11 143 4.772854387407491e-11 0.019000385999788705 [6.908584795316253e-06]
0 13 169 1.5050825040345301e-12 0.02216704300008132 [-1.2268180403118183e-06]
0 25 325 7.972582349560129e-11 0.03999239699987811 [-8.928931822765884e-06]
0 21 273 5.2194985108475805e-11 0.033065220000025874 [-7.2246096855453585e-06]
0 18 234 1.9000068675478085e-11 0.02734484299980977 [4.358906821151157e-06]
0 24 312 2.298755997797846e-12 0.03796160799993231 [1.516164897957292e-06]
0 21 273 5.1666313089500495e-11 0.032179905999328184 [7.187928289117838e-06]
0 32 416 2.498101537392292e-11 0.053383638999548566 [-4.9981011768393526e-06]
0 19 247 5.234413949810439e-11 0.03352330800044001 [-7.234924982202953e-06]
0 21 273 1.7501907730227303e-11 0.03593897900009324 [4.183528143831149e-06]
0 398 5174 6.210007292112167e-11 0.549584634999519 [7.880359948702957e-06]
0 19 247 2.707881422337882e-11 0.02770123899972532 [-5.203730798511662e-06]
0 17 221 3.6567598809782305e-13 0.023886143000709126 [6.047114916204446e-07]
0 17 221 6.57859663173775e-11 0.024113428999953612 [-8.110854845044232e-06]
0 29 377 8.975620053272172e-11 0.04064740600006189 [-9.473974906696857e-06]
0 12 156 3.950788253469552e-11 0.017357122999783314 [-6.285529614495148e-06]
0 27 351 4.353804430525667e-12 0.0450858350004637 [-2.086577204544722e-06]
0 32 416 1.2963907281153231e-11 0.051124600000548526 [3.6005426370414267e-06]
0 26 338 7.745574758264066e-11 0.04059274900009768 [8.800894703531037e-06]
0 17 221 6.535737045729491e-11 0.028777403000276536 [8.084390543343073e-06]
0 13 169 5.407939330036979e-12 0.0226654440002676 [2.3254976521245896e-06]
0 20 260 1.1163205973823712e-11 0.03174453399969934 [-3.341138424822251e-06]
0 14 182 7.936608980064626e-11 0.02225513800021872 [-8.90876477412252e-06]
0 17 221 8.409712949096645e-12 0.025973076999434852 [-2.899950508042619e-06]
0 10 130 4.27488887108178e-11 0.014645273000496672 [6.538263432350963e-06]
0 16 208 1.88485601462481e-11 0.02915141500034224 [4.341492847655988e-06]
0 19 247 3.170446692200975e-11 0.03625528999964445 [-5.630671977837969e-06]
0 17 221 9.155799556614036e-13 0.038013649999811605 [-9.568594231450112e-07]
0 19 247 1.79835916029748e-11 0.03919653400043899 [-4.240706498093779e-06]
0 21 273 2.8288592219637418e-11 0.032569746999797644 [-5.318702117964252e-06]
0 17 221 4.918646742980516e-11 0.02455520199964667 [7.013306454861727e-06]
0 16 208 9.15199454562135e-11 0.02666934199987736 [9.56660574374284e-06]
0 23 299 1.4063462669161743e-12 0.04119429599995783 [-1.1858947115643e-06]
0 19 247 3.487035173239064e-11 0.03523232800034748 [5.9051123386766015e-06]
0 28 364 1.1768608094033315e-11 0.053142394999667886 [-3.4305404959034247e-06]
0 21 273 8.357019834595691e-14 0.03659579600025609 [2.8908510571448837e-07]
0 18 234 9.206580500538955e-11 0.025450895999711065 [9.595092756476591e-06]

