0 23 299 1.3980979141254164e-11 0.05538360500031558 [3.7391147536889215e-06]
0 23 299 8.150847985030225e-13 0.06181587900027807 [9.028204685888677e-07]
0 14 182 2.2200383354951417e-11 0.03838764699958119 [4.711728276858866e-06]
0 18 234 5.368904709355623e-11 0.04270997799994802 [-7.32728101641777e-06]
0 17 221 2.0849784645674793e-11 0.042278977999558265 [-4.566156441217799e-06]
0 14 182 9.141515487557567e-11 0.038490425999953004 [-9.561127280586514e-06]
0 17 221 4.922710719510534e-13 0.04620808700019552 [-7.016203189411303e-07]
0 23 299 4.143911507445644e-12 0.060729770999387256 [2.035659968522652e-06]
0 26 338 6.255957335275036e-12 0.06413894400066056 [-2.50119118327149e-06]
0 17 221 1.6012362720150235e-13 0.047529245000077935 [4.0015450416245766e-07]
0 18 234 8.623975034145248e-11 0.10127352900053666 [9.286535971041758e-06]
0 11 143 8.887562352103885e-12 0.06681038700025965 [2.9812014947171693e-06]
0 30 390 5.2816760206382e-11 0.1556624090007972 [7.267514032073278e-06]
0 23 299 4.6784169471089655e-11 0.0738826999995581 [-6.839895428373862e-06]
0 17 221 1.726664848231041e-11 0.03936650700052269 [4.155315689849618e-06]
0 30 390 4.790382059486777e-13 0.06798553099997662 [-6.921258599045969e-07]
0 27 351 3.343807476648928e-11 0.06302022399995622 [-5.7825664515411565e-06]
0 18 234 9.392028672348527e-11 0.05174121899926831 [9.691247944588213e-06]
0 11 143 8.868487607324941e-11 0.03224714899988612 [-9.41726478725375e-06]
0 25 325 1.865135259240729e-11 0.06030520799959049 [4.318721175580485e-06]
0 14 182 1.9964575770636645e-11 0.033554562000063015 [4.468173650456822e-06]
0 14 182 2.6535005576839087e-11 0.02784714800054644 [5.151213990588926e-06]
0 12 156 9.957227894078026e-11 0.02309348300059355 [-9.978591029838845e-06]
0 15 195 3.806180856099291e-11 0.03060461099994427 [-6.169425302327025e-06]
0 17 221 2.5724136608185245e-13 0.033307327999864356 [5.071896746601339e-07]
0 19 247 1.0899870111396413e-11 0.03246877499987022 [3.301495132723417e-06]
0 61 793 1.5783662425316364e-11 0.08665059599934466 [3.9728657698588765e-06]
0 20 260 1.881123253865713e-13 0.034995275999790465 [4.337191780248728e-07]
0 21 273 3.5130416330985504e-11 0.04457768500014936 [-5.92709172621662e-06]
0 20 260 2.6179072698946516e-11 0.036341435000394995 [-5.116548905165132e-06]
0 18 234 6.78504173970067e-11 0.029024214999481046 [-8.237136480416401e-06]
0 26 338 5.404342509347023e-11 0.04119473799983098 [-7.351423337930569e-06]
0 30 390 5.111021130948282e-11 0.04995512899949972 [7.149140599364571e-06]
0 16 208 1.3354655249638908e-11 0.029164106999814976 [3.6544021740414544e-06]
0 26 338 3.297924857448848e-13 0.04765000199950009 [-5.742756182747834e-07]
0 19 247 6.69031654046659e-11 0.030802844000390905 [8.179435518705793e-06]
0 91 1183 4.8898409855481905e-11 0.14493243899960362 [6.992739796065767e-06]
0 18 234 7.997741572332433e-11 0.03250657700027659 [-8.943009321437853e-06]
0 24 312 8.621370377082041e-11 0.03589137400012987 [9.285133481583364e-06]
0 14 182 5.826059752359122e-13 0.022713594999913767 [-7.632862996516524e-07]
0 18 234 3.3836173311462907e-15 0.027061554999818327 [-5.816886908945618e-08]
0 16 208 9.11946498858231e-12 0.025080356000216852 [3.0198451928173918e-06]
0 26 338 6.91272494417733e-11 0.038787272999798006 [-8.314279851061865e-06]
0 16 208 3.397419422138436e-11 0.028020540000397887 [5.82873864754497e-06]
0 17 221 2.869923546105732e-12 0.029861435999919195 [-1.6940848698060354e-06]
0 15 195 1.6335405790871435e-12 0.025332535999950778 [1.2781003791123541e-06]
0 17 221 2.7301119466213525e-13 0.028156652999314247 [-5.225047317126757e-07]
0 22 286 5.25227788353023e-11 0.03275906699946063 [7.247260091600294e-06]
0 30 390 7.08749593441928e-11 0.050580920000356855 [8.418726705636239e-06]
0 24 312 1.8281863719307573e-12 0.037850712000363274 [-1.3521044234565455e-06]

