0 20 260 4.0288114139842425e-11 0.027662554999551503 [6.347291874480204e-06]
10 136 1768 3.9929445253727437e-11 0.18654405400047835 [6.318975016070837e-06]
7 77 1001 8.764091193444973e-11 0.11416825299966149 [9.36167249664555e-06]
3 39 507 1.611272399121428e-11 0.05420298799981538 [-4.0140657681725e-06]
3 47 611 9.056280873378343e-11 0.06412221800019324 [9.516449376410481e-06]
2 47 611 2.3724413082925206e-14 0.06222420399990369 [-1.540273127822634e-07]
0 11 143 6.88917077455192e-12 0.017311865000010584 [2.6247229900604597e-06]
4 68 884 7.426990856874927e-11 0.09892388800017216 [8.61799910470808e-06]
0 18 234 4.8427578713910124e-11 0.026414723000016238 [6.95899265080156e-06]
1 24 312 3.4816887826996114e-11 0.03413004300000466 [-5.900583685280306e-06]
3 60 780 7.316213485361065e-11 0.09050735999971948 [8.553486707396619e-06]
1 28 364 5.828077175631623e-11 0.04589109599965013 [7.634184419852341e-06]
0 21 273 2.880156059082408e-11 0.030948661000365973 [-5.366708543495173e-06]
4 83 1079 4.7302806941515616e-11 0.11581527299949812 [6.877703609600781e-06]
3 79 1027 5.0562064978338926e-11 0.12335401500058651 [7.1107007375039295e-06]
0 17 221 1.1533711116716893e-11 0.025033523000274727 [3.3961317873010895e-06]
2 48 624 2.0868134989727487e-15 0.07133296099982545 [-4.568165385548939e-08]
1 20 260 3.1766669884849353e-12 0.02578224399985629 [1.782320674986669e-06]
6 75 975 3.8447555399285185e-11 0.10572291699918424 [6.200609276457047e-06]
0 14 182 1.6497035424272478e-13 0.023936421999678714 [4.0616542718789443e-07]
0 23 299 2.292925161333279e-11 0.03379345499979536 [-4.788449813178874e-06]
5 81 1053 2.6245682184055366e-12 0.1045228800003315 [1.6200519184290165e-06]
2 56 728 6.729144206361605e-12 0.07545137600027374 [-2.59405940686824e-06]
6 75 975 4.014992955651291e-11 0.10781767099979334 [-6.3363972063399646e-06]
4 61 793 1.9090819294496826e-11 0.07718588500029 [4.369304211713442e-06]
0 9 117 2.258736134024098e-11 0.01210179400004563 [4.7526162626748e-06]
5 67 871 1.4758800801065826e-12 0.09987509700022201 [1.2148580493648558e-06]
0 17 221 1.3808095035293092e-12 0.02367273900017608 [1.1750785095172617e-06]
2 39 507 3.436256998667731e-14 0.05034647199954634 [-1.8537143789342875e-07]
5 48 624 1.2829231483613398e-11 0.06255673400028172 [-3.5817916583203718e-06]
0 13 169 6.858663144736173e-12 0.01619157900040591 [-2.618904951451307e-06]
4 44 572 5.036935373703481e-14 0.06249775500054966 [-2.2443117817503612e-07]
0 8 104 8.88655937599156e-11 0.013698570999622461 [-9.426854924094016e-06]
1 24 312 1.499450792121255e-11 0.036414846000297985 [-3.87227425697258e-06]
0 11 143 6.118202992393776e-12 0.017848704000243742 [-2.4735001500694872e-06]
1 34 442 8.33075494433919e-11 0.04700745500031189 [-9.127296940682488e-06]
2 32 416 1.2743888786500027e-12 0.04193287399994006 [-1.1288883375471653e-06]
1 21 273 4.075551823194638e-12 0.026296521999938705 [2.0187995995627297e-06]
8 136 1768 5.563179883709966e-11 0.18833715799974016 [7.458672726236194e-06]
2 26 338 1.6703337559709085e-11 0.03507904799971584 [4.08697168569946e-06]
0 13 169 2.312192897755705e-13 0.017110769000282744 [-4.808526695107042e-07]
1 36 468 2.598844582935495e-12 0.04668110000056913 [-1.612093230224448e-06]
5 86 1118 8.10695005635281e-13 0.11568616000022303 [9.003860314527769e-07]
5 75 975 1.7755335137720432e-11 0.10955160200046521 [-4.21370800337665e-06]
0 17 221 2.3692953992667676e-12 0.02212140699975862 [1.5392515711431863e-06]
7 96 1248 8.680268114958444e-11 0.15436491200034652 [-9.316795648160607e-06]
1 34 442 8.654461898517112e-14 0.04821611700026551 [2.941846681680932e-07]
2 34 442 2.4025420534216843e-11 0.04515659800017602 [-4.901573271330017e-06]
0 17 221 2.3790452834234804e-11 0.024027051999837568 [-4.877545779819479e-06]
0 17 221 6.105192567313516e-13 0.022092836000410898 [7.813573169372331e-07]

