0 21 273 9.115769502827922e-11 0.034750155999972776 [9.547653901785465e-06]
0 16 208 6.325800271293242e-11 0.029602726000121038 [-7.953489970631284e-06]
0 18 234 4.5435463074225616e-11 0.02782100599961268 [6.740583288872382e-06]
0 20 260 6.517365630859327e-11 0.028845290000390378 [8.07302027178139e-06]
0 23 299 9.281698603423764e-11 0.03150400200047443 [-9.634157256046719e-06]
0 14 182 2.2812634123861458e-11 0.022054948000004515 [-4.776257334342598e-06]
0 23 299 1.153067772447189e-13 0.031563216999529686 [3.3956851627428434e-07]
0 17 221 2.1639794743211214e-11 0.028620955000405957 [-4.651859278096363e-06]
0 15 195 1.061955050255874e-11 0.023939107999467524 [3.2587651806410874e-06]
0 16 208 7.562192050072604e-14 0.027105437000500388 [-2.749944008534102e-07]
0 22 286 2.926662973165234e-11 0.03175055100018653 [5.4098641139729506e-06]
0 27 351 8.833810103973216e-12 0.038010396000572655 [2.972172623515198e-06]
0 27 351 1.1839258520347342e-11 0.039637206999941554 [3.440822361056633e-06]
0 21 273 3.871912548626702e-12 0.030773976000091352 [1.9677175987998637e-06]
0 33 429 6.8736313843697475e-12 0.051686712999980955 [-2.6217611226749373e-06]
0 26 338 2.71505656856493e-12 0.03689701799976319 [1.6477428708888198e-06]
0 15 195 3.878309799367491e-11 0.02328464900074323 [-6.227607726380565e-06]
0 22 286 2.073194802729232e-12 0.03213334100018983 [1.439859299629388e-06]
0 21 273 2.0745132036554917e-17 0.031645689000470156 [-4.554682429824819e-09]
0 13 169 5.880256343035217e-12 0.019728800999473606 [2.4249239870633506e-06]
0 34 442 2.3349030267021735e-11 0.04625242600013735 [4.832083429228197e-06]
0 22 286 1.9955588430230124e-11 0.036543221999636444 [-4.467167830989801e-06]
0 17 221 9.956205720166063e-11 0.02801940200060926 [9.97807883320535e-06]
0 27 351 7.417465550043846e-11 0.05164062299991201 [8.61247092885883e-06]
0 22 286 1.6955087844029045e-12 0.05452561699985381 [-1.302117039441119e-06]
0 26 338 3.1880281388909694e-14 0.05389518500032864 [1.785505009483583e-07]
0 12 156 8.371770298601431e-11 0.022425529999964056 [9.14973786433329e-06]
0 32 416 6.332561433705055e-13 0.0603906870001083 [-7.95773927300025e-07]
0 20 260 1.4443955505179924e-11 0.03356791599981079 [3.8005204255706776e-06]
0 30 390 9.248294533287726e-13 0.041951346999667294 [9.616805360039126e-07]
0 18 234 3.164995416009673e-13 0.025099797000621038 [5.625829197558057e-07]
0 26 338 4.862175490488009e-12 0.0391344929994375 [-2.2050341245631572e-06]
0 20 260 6.252076307373661e-11 0.04234078199988289 [7.907007213461779e-06]
0 25 325 1.7241485276274025e-12 0.050796336999155756 [-1.3130683636533943e-06]
0 37 481 3.112145247869458e-11 0.06049794099999417 [-5.578660455583811e-06]
0 32 416 7.224124998094574e-11 0.05079644800025562 [-8.499485277412141e-06]
0 26 338 9.216561939460674e-12 0.0397242240005653 [-3.035879104882254e-06]
0 14 182 3.2689322003660056e-11 0.023890272999778972 [5.717457652109026e-06]
0 26 338 1.975796891500608e-11 0.042882673000349314 [4.444993691222304e-06]
0 22 286 3.3546820437554714e-12 0.03552665600000182 [-1.8315791120657255e-06]
0 19 247 9.967597509759495e-13 0.028790913999728218 [9.983785609556876e-07]
0 20 260 2.94903831139229e-11 0.028267478999623563 [5.430504867314171e-06]
0 19 247 2.7722046764149108e-11 0.03844604900041304 [-5.2651730041993025e-06]
0 16 208 1.476398381129117e-11 0.03828087100009725 [-3.84239297980974e-06]
0 20 260 4.035538399428429e-13 0.0586601029999656 [-6.352588763196016e-07]
0 18 234 1.9318417264836376e-11 0.054643552000015916 [-4.395272149120732e-06]
0 22 286 7.452461372999941e-11 0.053591953000250214 [8.632763968162191e-06]
0 28 364 3.058773494308901e-12 0.07814784600031999 [-1.7489349599996282e-06]
0 19 247 3.963330561343013e-11 0.05977039500066894 [-6.2954988375370325e-06]
0 18 234 7.081200439845214e-11 0.046671744999912335 [8.414986892351773e-06]

