0 23 299 2.2501730056020907e-11 0.02975443100058328 [-4.743598850664009e-06]
0 17 221 2.1216160177800142e-11 0.0237783180000406 [-4.606100322159749e-06]
1 33 429 1.2022351087153867e-11 0.04374949600060063 [3.4673262158547856e-06]
4 55 715 3.5381193836715746e-12 0.0746868739997808 [-1.8809889376792131e-06]
0 16 208 2.079901682856256e-11 0.02187744799994107 [-4.560593911823608e-06]
0 14 182 3.064212013074236e-11 0.020201289000397082 [5.53553250652025e-06]
1 24 312 2.374742359209034e-11 0.03568863300006342 [-4.873132831361191e-06]
3 48 624 6.975744634322858e-11 0.08261184900038643 [8.352092333255696e-06]
1 25 325 1.3380851382808151e-11 0.03574348900019686 [-3.657984606693712e-06]
0 22 286 5.275795963379258e-11 0.029026197000348475 [7.263467466285822e-06]
0 22 286 1.063858371022001e-11 0.02976108100028796 [-3.261684183090081e-06]
2 27 351 5.150622942668265e-12 0.04077883800073323 [-2.2694983901003907e-06]
0 18 234 5.141048531365008e-11 0.02773413300019456 [-7.170110551006176e-06]
2 35 455 3.4586217685408306e-11 0.051422793999336136 [5.881004819366186e-06]
3 31 403 8.5998617767144e-11 0.044639828999606834 [-9.273543970195213e-06]
0 21 273 8.17896240475925e-12 0.029007809999711753 [2.859888530128272e-06]
4 55 715 6.152947296885644e-11 0.08177934900049877 [7.844072473457677e-06]
1 27 351 1.5847125302856378e-11 0.03961698399962188 [-3.980844797634841e-06]
1 25 325 1.6782404213021e-11 0.03685308100011753 [-4.096633277829613e-06]
0 14 182 5.955476818825344e-12 0.019598818000304163 [2.4403845637164124e-06]
0 13 169 7.351924639482756e-12 0.018392664000202785 [2.711443276095363e-06]
0 26 338 1.8046430770949502e-12 0.034573229000670835 [1.3433700447363527e-06]
2 21 273 9.16875231225125e-11 0.028339821999907144 [9.575360208499339e-06]
1 31 403 1.6756666882498067e-12 0.04501399600030709 [-1.294475449071865e-06]
2 41 533 4.509193552840987e-11 0.06173316900003556 [6.715052905853376e-06]
0 18 234 5.211185355612485e-11 0.028677482999228232 [7.218854033440824e-06]
0 17 221 5.202243443933806e-11 0.024772573000518605 [7.212657931673875e-06]
3 55 715 1.7256484243894423e-11 0.06967564299975493 [4.154092469348079e-06]
6 99 1287 1.4747289853265414e-11 0.14268369599994912 [-3.840220026673656e-06]
1 22 286 5.103191575440433e-11 0.02997997500006022 [7.14366262882034e-06]
3 45 585 9.869719500390478e-12 0.05641518499942322 [-3.141610972159105e-06]
2 41 533 4.261206409148986e-14 0.05154332700021769 [2.0642689769380797e-07]
0 9 117 6.962496825918342e-13 0.01431047700043564 [8.344157732161073e-07]
3 63 819 8.693145096276048e-12 0.09137731600003463 [2.948413996757587e-06]
0 16 208 1.3265159532298374e-11 0.02519730600033654 [3.642136671282171e-06]
0 17 221 9.783070442428361e-12 0.02525201500066032 [-3.127790025309941e-06]
0 14 182 9.477522893442882e-11 0.021895886000493192 [-9.735257004025565e-06]
0 17 221 4.871357148520432e-12 0.02237427099953493 [-2.207115119000464e-06]
0 18 234 2.0670525657703465e-11 0.024569612000050256 [-4.546484978277556e-06]
0 19 247 2.7701308036567168e-11 0.024278795000100217 [5.2632032106472165e-06]
1 27 351 5.0391200026760373e-11 0.03725077099988994 [-7.0986759347613815e-06]
0 11 143 7.074795272649297e-11 0.015436175000104413 [8.411180221972001e-06]
0 14 182 1.868241006336159e-11 0.02208827000049496 [-4.3223153590826285e-06]
3 62 806 3.937401617457762e-11 0.09959367600004043 [-6.274871805429783e-06]
0 19 247 9.8392332568193e-11 0.02840763699987292 [9.919290930716419e-06]
0 21 273 1.2730056396179844e-11 0.02744927200001257 [3.5679204582193032e-06]
3 58 754 2.265471841678585e-11 0.08409388899963233 [4.759697303063069e-06]
9 106 1378 2.0140597893084037e-12 0.1439335420000134 [-1.4191757429255912e-06]
0 22 286 3.5687771882386596e-11 0.041536804999850574 [-5.973924328478441e-06]
0 14 182 3.3238747567381097e-13 0.020757991000209586 [-5.765305505121224e-07]

