1 16 208 1.391912965023733e-12 0.022337090000291937 [1.179793611198049e-06]
2 38 494 9.876862185523767e-11 0.05369019899990235 [-9.938240380230178e-06]
0 16 208 4.995327110610997e-11 0.021524677000343218 [-7.0677628077143315e-06]
11 121 1573 1.337591035908093e-11 0.17183021300024848 [3.657309169195425e-06]
1 20 260 2.6947844187664657e-11 0.04393540399996709 [-5.191131301331595e-06]
1 35 455 4.852402146824095e-11 0.05315609900026175 [-6.965918566006995e-06]
0 13 169 8.215566323868068e-13 0.018840611999621615 [-9.063976127433296e-07]
3 78 1014 2.914728236515361e-11 0.10667838100016525 [-5.398822312796894e-06]
1 30 390 6.65761120911304e-12 0.04502899300041463 [2.5802347197712537e-06]
8 120 1560 6.935049372716121e-11 0.17777086200021586 [-8.327694382430302e-06]
4 64 832 5.042813927413265e-11 0.09187281699996674 [7.101277298777499e-06]
0 17 221 4.41356899170222e-11 0.024020403999202244 [6.6434697197339735e-06]
0 20 260 5.296906043223433e-12 0.026491012000406045 [2.301500824076201e-06]
14 188 2444 6.265341333062158e-11 0.2603410210003858 [7.915390914580377e-06]
3 55 715 2.9990953591889e-11 0.07706986500033963 [-5.476399692488579e-06]
0 27 351 7.768703759990995e-11 0.03387621799993212 [8.814025051014432e-06]
0 18 234 3.111623460311865e-11 0.025467315999776474 [-5.578192772136747e-06]
3 55 715 5.288681054557216e-11 0.0746913430002678 [-7.272331850622066e-06]
0 14 182 1.7091941773617695e-13 0.023607594999702997 [4.13424016883607e-07]
1 21 273 6.962292889284164e-12 0.03314391500043712 [-2.6386157145905434e-06]
0 16 208 8.040653355556075e-11 0.025019558999701985 [8.966969028359625e-06]
1 25 325 1.215750224707508e-11 0.03560120200017991 [3.4867609965518256e-06]
2 25 325 1.1659384694637737e-11 0.032460125000397966 [-3.4145841173761904e-06]
4 68 884 4.964548652496963e-14 0.09925891700004286 [-2.2281267137433999e-07]
0 19 247 2.46831808145176e-12 0.02959132999967551 [-1.5710881838559413e-06]
2 60 780 1.8380205370137127e-11 0.08294512599968584 [-4.287214173579054e-06]
0 21 273 1.0108257638988003e-11 0.0277547619998586 [-3.1793486186620055e-06]
5 69 897 2.89828415283771e-13 0.09481330399921717 [5.383571447317951e-07]
4 64 832 5.0512452155875584e-11 0.09699373399962496 [7.10721127840418e-06]
2 48 624 1.3185662857089947e-11 0.06092515399996046 [-3.6312068045058995e-06]
0 27 351 1.555719987932742e-11 0.036737192000146024 [3.944261639309368e-06]
5 68 884 1.6376675465636875e-11 0.10516301000006933 [-4.046810529989868e-06]
1 41 533 3.0736668683637516e-13 0.05761576900022192 [5.544066078577844e-07]
2 35 455 7.087714014276771e-11 0.04787585199937894 [8.418856225329407e-06]
4 91 1183 4.9775898011462945e-11 0.12594838299992261 [-7.055203612332032e-06]
1 17 221 6.427919597989688e-13 0.02825552099966444 [-8.017430759282981e-07]
2 42 546 7.02702169835028e-11 0.06092270600038319 [-8.382733264484968e-06]
5 77 1001 5.582154511255503e-11 0.10375348199977452 [7.471381740518619e-06]
0 31 403 4.5604213479992384e-11 0.056381045000307495 [6.753089180515269e-06]
2 48 624 3.5030732797105e-11 0.06862289399941801 [-5.918676608592921e-06]
0 13 169 2.4058524130105403e-11 0.018093856999257696 [4.904948942660403e-06]
2 40 520 2.3805759353572392e-11 0.05416719799995917 [4.879114607546372e-06]
0 16 208 5.585159447694121e-11 0.021461825000187673 [7.473392434292556e-06]
2 48 624 2.4600207422335674e-11 0.06941580999955477 [-4.959859617200438e-06]
4 62 806 4.5322551168918376e-11 0.09077381499992043 [-6.732202549605766e-06]
0 30 390 9.041470046166241e-11 0.039607603999684216 [9.508664494116007e-06]
6 100 1300 1.4190537592645985e-11 0.15010516100028326 [-3.7670329959592848e-06]
1 31 403 1.4136557220168826e-12 0.04427170100007061 [-1.1889725488912192e-06]
0 23 299 1.3735524562503534e-12 0.03180156800044642 [1.1719865426916613e-06]
0 21 273 3.096629697079428e-12 0.028996818999985408 [1.7597243241710981e-06]

