0 26 338 1.6608405574054804e-12 0.048133821000192256 [-1.2887360309254492e-08]
0 231 3003 1.526932754779854e-11 0.3315892930004338 [-3.907598693289594e-08]
0 26 338 1.3170260988774014e-11 0.05699499500042293 [3.629085420429507e-08]
0 18 234 3.287464175103184e-12 0.040324585999769624 [1.8131365572132685e-08]
0 30 390 1.5378481265333664e-11 0.06505454499983898 [3.921540674955911e-08]
0 54 702 3.914780365210757e-12 0.1341672769995057 [-1.978580391394486e-08]
0 128 1664 9.58823794719701e-12 0.25459858999965945 [3.096488002107712e-08]
0 123 1599 4.585491870752493e-12 0.3561341510003331 [-2.141376162833726e-08]
0 38 494 2.877961658896943e-11 0.11708368699964922 [-5.364663697657984e-08]
0 37 481 6.228776981517889e-11 0.09426124599940522 [7.892260120851244e-08]
0 26 338 4.247538506772123e-12 0.05867320600009407 [2.0609557265434217e-08]
0 39 507 3.8626583782432266e-11 0.08213318700018135 [6.215028864167266e-08]
0 28 364 1.4696836388524408e-11 0.0522868500002005 [-3.833645313343999e-08]
0 47 611 4.145606202441563e-11 0.09432493100030115 [6.438638211952557e-08]
0 35 455 1.747506411725153e-11 0.06602428000041982 [-4.180318662165784e-08]
0 32 416 2.1157524586857373e-11 0.059490599000127986 [-4.599730925484378e-08]
0 37 481 2.3913605426240126e-11 0.0569957110001269 [4.890153926640768e-08]
0 33 429 3.042820422155398e-11 0.04998196199994709 [5.516176594485892e-08]
0 35 455 2.1630599944122335e-11 0.06089122299999872 [4.650870880181725e-08]
0 41 533 1.7313092954328913e-12 0.06769101900044916 [1.3157922691036345e-08]
0 36 468 1.011596607540618e-12 0.050061537999681605 [1.0057815903766672e-08]
0 28 364 4.56741435114407e-11 0.050310095999520854 [-6.758264829927924e-08]
0 44 572 1.9738639049370672e-15 0.0874793419998241 [4.4428188179770143e-10]
0 62 806 2.7976608292914022e-11 0.12021156900027563 [-5.2892918517429177e-08]
0 55 715 5.010878280632626e-11 0.08618867099994532 [7.078755738569192e-08]
0 34 442 8.581759697895195e-11 0.05326347799928044 [-9.263778763493434e-08]
0 46 598 1.5733904591375035e-11 0.08264698900075018 [-3.966598617376736e-08]
0 28 364 4.3417593057165254e-11 0.06200902799992036 [-6.5892027633975e-08]
0 41 533 4.679657004283939e-12 0.07952134799961641 [-2.1632514889129138e-08]
0 28 364 9.681022917535409e-11 0.04321563499979675 [-9.839218931162884e-08]
0 22 286 4.173079828268779e-12 0.038609264999649895 [2.042811745675254e-08]
0 23 299 6.416294314650843e-11 0.036317584999778774 [8.01017747284718e-08]
0 18 234 2.3398301184743668e-11 0.02852656599952752 [-4.837179052375844e-08]
0 46 598 1.8103184142954944e-11 0.06759223500012013 [4.2547836775745654e-08]
0 27 351 2.7797791662010614e-11 0.04139679600029922 [-5.272361108840195e-08]
0 47 611 3.7135518825769815e-11 0.09872404900033871 [6.093891927641137e-08]
0 38 494 9.530299275886664e-11 0.09961360600027547 [-9.762325171744007e-08]
0 39 507 8.73472957818729e-11 0.09135096200043336 [9.345977518797748e-08]
0 25 325 2.9755197837124128e-12 0.054453085999739415 [-1.7249695022557392e-08]
0 39 507 2.0679012224726453e-11 0.0986389939998844 [-4.547418193296769e-08]
0 28 364 5.5505374540367275e-12 0.07168270900001517 [-2.355957863383114e-08]
0 30 390 7.470760287074975e-14 0.09279849300037313 [2.7332691574513796e-09]
0 33 429 3.938609024708313e-12 0.09620100200027082 [1.9845929115837114e-08]
0 47 611 9.613710997330975e-12 0.15593055299996195 [3.1005984901839474e-08]
0 35 455 8.71090347714671e-11 0.07228603500061581 [-9.333222100189575e-08]
0 23 299 1.0559496340498939e-11 0.04694061900045199 [3.249537865681663e-08]
0 23 299 1.6309807770256943e-11 0.04370520500015118 [4.038540301923078e-08]
0 34 442 1.2900688003201225e-11 0.06925190800029668 [3.591752775902209e-08]
0 21 273 1.4965248330659306e-12 0.041077171999859274 [1.223325317757272e-08]
0 23 299 1.9801369187748826e-13 0.03835851999974693 [4.449872940629746e-09]

