0 734 9542 6.101352509416785e-11 1.5633397809997405 [-4.039091668419685e-08, -2.1716800770066505e-07, 2.1200668487347454e-06, -4.050658411080709e-06, 4.873354557010898e-06]
0 239 3107 8.548096221342796e-11 0.3972918790004769 [1.3024835264641446e-08, -8.59877215566018e-07, -8.500115712638219e-06, 8.06147997017992e-07, -3.184849812712157e-06]
0 283 3679 9.83113198025932e-11 0.4856674760003443 [-2.009612660658633e-08, 2.1100500367582452e-07, -9.028803636634848e-06, -3.299404410468862e-06, 1.3501440932009664e-06]
0 356 4628 7.401583698433121e-11 0.6028157920000012 [-6.616824284578386e-09, 2.334658028326181e-07, 1.9393951543600866e-07, 8.563073962879406e-06, 3.995733195776367e-07]
0 266 3458 9.659695972829239e-11 0.4550521690007372 [-1.6495535418403123e-08, 1.668251950810052e-06, 7.278550002778251e-06, -5.455472908249908e-06, -2.8902237757517894e-06]
0 296 3848 9.524600496725835e-11 0.48997859100018104 [9.53975080886783e-08, 1.546190229546373e-06, 2.1918767807789504e-07, 1.344421306947526e-08, 1.3417269695929333e-06]
0 254 3302 3.908310533440344e-11 0.47281538999959594 [3.7910676415488365e-08, 2.6018009587761317e-06, -8.3569786136394e-07, 1.861622909798175e-06, -3.7118071701992685e-06]
0 287 3731 9.684478439551931e-11 0.4929139749992828 [-5.2578801747581515e-08, 1.1991555281509882e-06, -5.990673489784906e-06, -5.554887032332e-06, 1.0082498100805907e-06]
0 317 4121 6.924397616163159e-11 0.4945750019996922 [3.352243062454393e-08, -6.073453995478204e-06, 4.1971054146586515e-06, -1.7110661331936869e-06, 7.590507247532641e-07]
0 333 4329 8.817786240910375e-11 0.5679703169998902 [1.5288583883840414e-09, -1.4007071203767863e-06, -1.1917104853118468e-06, 6.14393977232721e-06, -6.857429407987068e-06]
0 373 4849 7.73447783181499e-11 0.6482817830001295 [-6.081201575864085e-08, -2.5563815773801943e-06, 5.783783481138906e-06, 6.123447274373036e-07, 3.9516082468600544e-08]
0 337 4381 6.479420327046679e-11 0.5594754690000627 [-1.4447078926839103e-08, -7.79355244042527e-06, 1.3071717165990863e-06, -3.0330490798418985e-09, 5.087785741966816e-07]
0 334 4342 4.4550606622420955e-11 0.568851216999974 [3.012756767429101e-08, -4.6257723003749604e-07, 4.3182640236106035e-06, -2.3889803694800065e-06, -3.3023164908305624e-06]
0 251 3263 9.930199720511257e-11 0.4151454790007847 [8.566113123266642e-09, -1.583432893437904e-07, 9.515201749195979e-06, 1.141411349964469e-06, -2.5886787111761103e-06]
0 240 3120 9.069786854007469e-11 0.41172527599974273 [-1.760553071911095e-08, -4.7090931484706235e-07, 8.03358602525033e-06, 3.6964139382064006e-06, -3.0289578093108898e-06]
0 340 4420 6.638622271764304e-11 0.5999599650003802 [6.364307607146729e-08, -3.3353933693002116e-06, 1.337505574173771e-06, 3.5715991661017943e-06, -4.601311845990798e-07]
0 397 5161 8.050490458851623e-11 0.6790485500005161 [-8.050172937278009e-09, -8.82128096699272e-06, -3.7305505594684253e-07, 1.3791788916373464e-06, -2.343836133063922e-08]
0 289 3757 9.151286770216504e-11 0.479026334000082 [-9.38960966380485e-09, 2.024985230134062e-06, -4.008739884534587e-06, 5.676145928912063e-06, 6.184013806206646e-06]
0 410 5330 8.171523486828636e-11 0.678241823999997 [-2.360450499579553e-08, -1.2620021429323388e-06, -5.47347968142033e-06, -6.389580332275735e-06, -1.9403974471816613e-06]
0 264 3432 3.246653945977909e-11 0.43077246700067917 [-8.605477388795508e-09, 2.7798637730537765e-06, -1.046318411281289e-06, 1.6535283780928748e-06, -4.491037311936625e-06]
0 755 9815 2.4520339291152245e-11 1.210084131000258 [1.0070845395338022e-08, 8.187384659015857e-07, 4.658536900844719e-06, 2.971482221852711e-07, 1.0225087888901328e-06]
0 276 3588 9.696921135716014e-11 0.47511755300001823 [-6.19301276825823e-08, -4.758565653821067e-06, -3.570645764072542e-06, 2.939000302435731e-06, -3.8189819556288365e-06]
0 395 5135 9.388673654998197e-11 0.638244554999801 [-6.2183257629723595e-09, 2.603975125878815e-06, -1.6410067758049116e-06, 2.883930631116836e-07, -9.162057658831522e-06]
0 289 3757 6.104564785983566e-11 0.49179543199988984 [-1.638662132042579e-08, 4.6214812396718834e-07, 7.574988585451487e-06, -1.0524389529076434e-07, -8.690943798820983e-07]
0 258 3354 5.7134785077265174e-11 0.47411220599951776 [2.1955945023940884e-08, -2.193160554191185e-06, -2.5952262750648834e-06, 2.647005454172619e-06, -5.810538645311216e-06]
0 347 4511 8.191677537613877e-11 0.5739123860003019 [-2.036261829614957e-08, -9.669992142297426e-07, -3.494543156037539e-06, 7.681325160711588e-06, 2.370809474226316e-06]
0 388 5044 9.497146099548957e-11 0.6940448810000817 [5.027375815092075e-08, -3.212082540909981e-07, -8.34099458054638e-06, -1.3418712567846874e-07, -5.984888819969804e-08]
0 432 5616 9.878057122012596e-11 0.8431823069995517 [-2.045656582887197e-08, 5.8239066644500855e-08, -1.2494894179425504e-06, 9.523776611233816e-06, -1.5260812002963481e-06]
0 337 4381 4.9180330904047426e-11 0.613955848999467 [-7.483221411301141e-09, 2.4625451225601705e-06, 4.600431546136809e-06, 4.549475956324325e-06, 8.333753707862547e-07]
0 355 4615 7.550132894494185e-11 0.59191350600031 [-2.5240334948698726e-08, 6.541083418592092e-06, 1.7665996328534836e-06, 2.304731280801134e-06, -4.232274924108206e-06]
0 298 3874 5.0425682686699355e-11 0.5074728059998961 [3.2853456876974936e-08, 5.87043388592527e-06, 2.0377415826779112e-06, -1.3858022789564352e-07, 9.99298330164165e-07]
0 314 4082 9.941015254551432e-11 0.5404665819996808 [4.245420919594832e-08, -2.43635203230401e-06, -5.37549150514061e-07, -8.465642269234944e-06, 1.8694075039416288e-06]
0 194 2522 8.61709040657636e-11 0.36129845100003877 [7.971215840464477e-08, -2.4495594782652945e-06, 7.027373567465162e-07, -2.551467233801205e-06, -3.1026529962604916e-06]
0 355 4615 3.637264619392492e-11 0.6074661459997515 [-1.0087422764773037e-08, -3.1878427505548803e-06, 9.209480026404706e-07, -4.546545235146191e-06, -1.9166442060301637e-06]
0 334 4342 6.714351004581555e-11 0.5729121859994848 [1.2468280965907973e-08, -3.2424549928371325e-06, -5.426194819391443e-06, -4.775425071916794e-06, 1.6814102792926018e-06]
0 363 4719 8.858887145753499e-11 0.6117369290004717 [-7.287229953361272e-09, -1.5836864267281005e-06, 6.66823303545139e-06, -4.0326997824784735e-06, -4.982145341588634e-06]
0 213 2769 4.714132573378099e-11 0.44115418399997 [-1.522379558621377e-08, 5.824367530110081e-06, 2.2722724893818965e-07, 3.2125110320579887e-06, -7.270280143968736e-07]
0 292 3796 9.30368760882216e-11 0.5163340310000422 [-2.3146057317481236e-08, -1.1812322470529916e-06, 4.559622546909766e-06, 2.584044180349504e-06, -7.669206261212202e-06]
0 661 8593 6.11198958069029e-11 1.256841973999144 [-8.002294656775774e-09, -1.4413460726290593e-06, 1.8834744451377472e-10, 7.508197801908438e-06, 1.4244352705628965e-06]
0 306 3978 9.446363301608052e-11 0.5031655630000387 [-1.1311844140616271e-08, -4.031473847311218e-06, 2.542077704582269e-06, -5.612666554150548e-06, -6.242362417522376e-06]
0 285 3705 5.042581712887104e-11 0.4838710940002784 [2.9114023500097883e-08, -4.4488407150543245e-06, 2.1663897260080937e-06, 2.6773440170271793e-06, 3.2087309558201964e-06]
0 388 5044 9.558619253162478e-11 0.6575650539998605 [1.5903401239710254e-08, 2.147955481658703e-06, -1.2904482265198074e-06, 1.577142308134056e-06, 9.180994694753417e-06]
0 245 3185 8.505545715988077e-11 0.4048699969998779 [-1.1253636837291598e-08, -3.5766271118636453e-06, -8.413464225246684e-06, 1.604917880744785e-07, 4.29667730183571e-07]
0 404 5252 9.894183532776182e-11 0.684389681000539 [7.12836185812382e-10, -8.839971275652603e-06, 4.508558552096122e-06, -5.854728612226124e-07, 3.4897439764745393e-07]
0 356 4628 9.924396825255902e-11 0.5755638820000968 [-8.698019307611695e-08, -4.504311616912657e-06, 4.1264031547403384e-07, 2.39688618768862e-07, 1.752678684413388e-06]
0 283 3679 7.81002682878946e-11 0.47414097399996535 [-3.897755906828243e-09, -3.5615186628765858e-06, 7.405144514222923e-06, 1.1227215084409412e-06, -3.027748210922184e-06]
0 260 3380 8.344810792695397e-11 0.4413242069995249 [4.5080727221047655e-08, 1.3273826824622026e-06, -4.0340296614602794e-07, -4.122873794104979e-07, -7.812216627638519e-06]
0 302 3926 6.596551212038311e-11 0.49374823900052434 [-3.396271548038536e-08, -1.7330905548664453e-06, -6.8061533896478374e-06, -1.3552083138523415e-06, -1.8074665373529062e-06]
0 453 5889 9.896719159303932e-11 0.7849728259998301 [-3.638336921661289e-08, 5.799106605564152e-07, -9.15984321305564e-06, 1.0526421670946441e-06, -6.185599757351122e-07]
0 340 4420 6.915956818506967e-11 0.5506338309996863 [5.894098607041187e-08, -3.3153695943583187e-06, -2.0119082625356334e-06, -4.148242753968561e-06, -1.4737033099092081e-06]

