3 62 806 5.7422340286940656e-12 0.08562423700004729 [2.396295897566506e-08]
0 21 273 7.947897242328903e-11 0.028970960000151535 [8.915098004132598e-08]
7 192 2496 9.071391834213001e-11 0.27131026000006386 [9.52438545745236e-08]
7 158 2054 2.6166895232098746e-11 0.21626786400065612 [5.115358758884732e-08]
10 164 2132 2.068777551834198e-11 0.26572177699927124 [-4.54838163727957e-08]
1 52 676 6.297001012902703e-13 0.07556338500035054 [7.935364524016967e-09]
26 407 5291 8.440379366479801e-12 0.5723730700001397 [2.905233100196919e-08]
8 133 1729 5.34317164808446e-11 0.18288443999972515 [-7.309700163539172e-08]
1 70 910 6.941207102310121e-12 0.1032847930000571 [-2.6346170693879065e-08]
2 49 637 6.199829861478092e-11 0.06759434600007808 [7.873899835201164e-08]
3 48 624 1.5638941587937054e-11 0.06577894300062326 [3.9546101688961774e-08]
1 35 455 3.245659229807501e-11 0.04836765100026241 [5.6970687461250644e-08]
3 80 1040 1.1426662710249458e-11 0.11988522499996179 [-3.380334703879108e-08]
1 36 468 5.0923073563424155e-11 0.05196814000009908 [7.136040468174501e-08]
0 56 728 8.543676600098825e-12 0.07329885100079991 [-2.9229568248776487e-08]
0 40 520 2.1188297437038362e-11 0.05410668100012117 [-4.603074780734978e-08]
20 346 4498 5.310067492426626e-12 0.47123268300038035 [2.304358368923251e-08]
4 93 1209 4.116848622538941e-11 0.12320266900042043 [-6.416267312494813e-08]
15 228 2964 8.129489651526813e-11 0.3172528429995509 [-9.0163682553048e-08]
2 56 728 5.962137064008376e-11 0.07276260100024956 [7.721487592432157e-08]
3 65 845 1.4581373343488094e-11 0.08411897499991028 [3.818556447597455e-08]
9 190 2470 1.830388624890422e-11 0.26136736899934476 [4.2783041323524694e-08]
9 173 2249 2.2288578275380646e-12 0.23110832699967432 [1.4929359756995826e-08]
4 92 1196 3.7959439078851177e-13 0.13291330899937748 [-6.161123199454072e-09]
4 119 1547 3.677391712077406e-11 0.1645442910003112 [-6.064150156516085e-08]
4 71 923 2.5834835332970963e-15 0.09409967600004165 [-5.082797982703126e-10]
3 76 988 1.1475660905328783e-11 0.09901951699976053 [3.387574487052467e-08]
1 49 637 7.584372188688663e-11 0.07191011000031722 [-8.708830110117353e-08]
1 39 507 3.1360502371354336e-11 0.05472260999977152 [-5.600044854405573e-08]
9 171 2223 6.869359631283408e-11 0.2348460769999292 [8.288160007675653e-08]
1 64 832 6.596236237283785e-11 0.0880823400002555 [-8.121721638472834e-08]
4 75 975 3.5123929107818185e-13 0.09528738199969666 [5.926544449155695e-09]
9 102 1326 7.993091273820351e-12 0.14878569699976651 [-2.8272055591732893e-08]
0 30 390 9.364053870702792e-12 0.03957728099976521 [3.060074160980873e-08]
0 27 351 3.16552980961889e-11 0.03506844200001069 [5.626304124039946e-08]
1 31 403 3.476156325878047e-11 0.041636398999798985 [5.895893762507977e-08]
1 62 806 1.8125059612830853e-12 0.07933570600016537 [1.3462934157467625e-08]
1 41 533 4.39171146080858e-11 0.06391667099978804 [6.626998914145512e-08]
1 27 351 8.662806696207761e-11 0.04005892299937841 [9.307419994932947e-08]
1 42 546 9.163392945222918e-14 0.05563061800057767 [3.0271096685159787e-09]
28 520 6760 8.193263717637534e-11 0.6880468480003401 [-9.051664884228499e-08]
3 45 585 5.431032351321761e-13 0.061716598000202794 [-7.369553820498064e-09]
2 45 585 7.329790732406218e-12 0.0587005589995897 [-2.707358626485641e-08]
3 85 1105 2.2268281884472823e-11 0.11586797400013893 [-4.7189280440024533e-08]
36 578 7514 7.701983734071862e-15 0.8076844120005262 [-8.776094651991775e-10]
5 109 1417 8.56709650270035e-15 0.1724193230002129 [9.255861117529989e-10]
11 205 2665 6.964863138345298e-12 0.3191358730000502 [2.639102714625806e-08]
5 129 1677 4.090380808713428e-12 0.18447663400002057 [-2.0224689883193334e-08]
8 115 1495 4.054084626530165e-11 0.16671003499959625 [-6.367169407617615e-08]
13 205 2665 7.898240426743631e-11 0.2810166230001414 [-8.887204524901872e-08]

