0 322 4186 6.208809971112129e-11 0.7991533940003137 [-4.628086979183651e-08, 1.925864154058367e-06, -6.079470197668961e-06]
0 115 1495 3.0438109106563934e-11 0.16543318599997292 [-3.8003446039701813e-08, -2.2462034462767805e-06, -3.309087498929724e-06]
0 152 1976 4.3364948092939687e-11 0.25677585899939004 [6.173000755338387e-08, -2.260470027724731e-06, 3.8637419852980727e-07]
0 166 2158 3.9738143321437556e-11 0.2677097739997407 [6.150479282835588e-08, -1.1240897498703686e-06, -8.038470918552624e-07]
0 131 1703 9.637362575738814e-11 0.21865881199937576 [-5.016231420767727e-08, 4.611234464604284e-06, 7.067359110950595e-06]
0 128 1664 7.105109596037351e-11 0.21173481899950275 [-1.263258781381112e-08, -7.716513324889396e-06, 3.1481256833934405e-06]
0 145 1885 9.045554006674845e-11 0.23481179000009433 [-9.279247376173688e-08, -1.3106704142946447e-06, -1.6227295719296106e-06]
0 106 1378 5.844308820794468e-11 0.1724999879997995 [1.3977374066278449e-08, -6.667561489927284e-06, 3.468867557012894e-06]
0 75 975 6.24742130242926e-11 0.1335679280000477 [3.62094355603298e-08, -3.7852213508865156e-06, -5.919043851257456e-06]
0 165 2145 6.89305126786403e-11 0.2555141200000435 [4.909080894326084e-08, -6.680811158402248e-06, 4.451962683703948e-07]
0 135 1755 3.764408117905353e-11 0.19955543899959594 [3.88417719591824e-08, 3.611147546902579e-07, -4.735698979422915e-06]
0 148 1924 8.684858807644862e-11 0.23114987799999653 [6.736109572849887e-08, -3.98742620131154e-06, -5.057059243088116e-06]
0 121 1573 7.176020510566744e-11 0.19678232400019624 [4.969176601342765e-08, -6.677931272719663e-06, -1.5724894044691515e-06]
0 97 1261 7.603275203656478e-11 0.15935954900032812 [7.396721322394913e-08, -4.171422858694362e-06, -1.980024507261306e-06]
0 206 2678 6.11543762503239e-11 0.32414015299946186 [6.683498052414879e-08, 6.658130207969274e-07, -4.005236953667997e-06]
0 144 1872 8.889136923031013e-11 0.221973220000109 [5.18142474255917e-08, -5.1906024707666865e-06, -5.92468166722707e-06]
0 478 6214 5.6171754628296643e-11 0.7306674559995372 [-2.6865679675916953e-08, 6.8972724018544345e-06, 1.1754746268737713e-06]
0 141 1833 9.817952190577421e-11 0.2072902959998828 [-1.7281428571509453e-08, -3.3950632748952248e-06, -9.146944272843806e-06]
0 158 2054 4.069677631711703e-11 0.2398032669998429 [9.974834709853743e-09, -4.08626509396686e-06, 4.796273618555974e-06]
0 122 1586 7.839482179143465e-11 0.19335006599976623 [7.720279842956032e-08, 4.13381201338636e-06, -1.305258279370039e-06]
0 121 1573 8.141659939267162e-11 0.1931974769995577 [3.738280404952361e-08, 2.8613948905532965e-06, -7.697680058753827e-06]
0 127 1651 5.123044179967921e-11 0.17959046400028456 [4.510729623980884e-08, 5.13998729949758e-06, 2.1128867977305507e-06]
0 132 1716 9.556306168380672e-11 0.1960138040003585 [1.4816133709526897e-08, 9.196733109784699e-06, -2.9644533408726115e-06]
0 117 1521 9.716457617526713e-11 0.1648227190007674 [-1.0778416244097967e-08, 1.8273533190451069e-06, 9.626194131396458e-06]
0 161 2093 7.905436382681829e-11 0.25722704699910537 [-5.5147659494825735e-08, 8.248670269722659e-07, 6.925410799155512e-06]
0 73 949 6.550697425178531e-11 0.1120879669997521 [-4.0612442930536865e-08, -4.102258395860006e-06, 5.6731600627445965e-06]
0 109 1417 3.870433342474662e-11 0.1796334559994648 [-2.250549754965546e-08, 4.379635598021804e-06, -3.8023875727904618e-06]
0 163 2119 4.4103758958463746e-11 0.2524915100002545 [2.8632789141239784e-08, -8.116107725397676e-07, -5.93689150753946e-06]
0 180 2340 9.516855249516905e-11 0.2812158790002286 [1.9381350780630106e-08, 9.101562761041395e-06, -2.928094981583637e-06]
0 170 2210 9.053357606032329e-11 0.2450180290006756 [4.6256209023207754e-09, 7.4338118433193235e-06, -5.920984196155972e-06]
0 113 1469 9.647910058174309e-11 0.16614562799986743 [6.31374525098507e-08, -5.5730335756684015e-06, -5.055394964973482e-06]
0 94 1222 9.436141879004126e-11 0.15261906599971553 [1.8411811346713517e-08, 9.065448978956255e-06, -2.9646425803648885e-06]
0 129 1677 5.112603041719838e-11 0.18334223400051997 [5.1367687601259154e-08, 2.381658652457519e-06, -4.366616445872831e-06]
0 143 1859 6.42855335182219e-11 0.2317425840001306 [5.0119915388870435e-08, -6.258001541302815e-06, -5.3768405203906105e-08]
0 147 1911 8.78535928684757e-11 0.21310713699949702 [3.533980757348878e-08, -5.847726646305788e-06, 6.416281317496048e-06]
0 128 1664 9.449361001756612e-11 0.2021336900006645 [-7.425305046393579e-10, 9.719216582456647e-06, 1.5787819786992254e-07]
0 131 1703 6.93474139349974e-11 0.19317193999995652 [-1.5432096924494064e-08, -3.339129900517238e-06, 7.471019293750977e-06]
0 159 2067 7.360630632482825e-11 0.25296195600003557 [5.478376408310681e-08, 6.392549835595443e-06, 1.6519699915924306e-06]
0 144 1872 5.65293106324539e-11 0.22797470400018938 [-4.383224606854067e-08, -2.359192018833409e-06, 5.634790652419631e-06]
0 133 1729 9.262737758232335e-11 0.19260613799997373 [1.6834324224901364e-08, -6.205697943593006e-07, -9.455597600974843e-06]
0 99 1287 7.305002156109843e-11 0.15868495699942287 [-1.1495427205094574e-08, 6.841890088742719e-06, -4.99170442918912e-06]
0 98 1274 9.718891807965281e-11 0.13742760399964027 [7.634041102923249e-09, -8.47286193421044e-06, 4.981640581961863e-06]
0 139 1807 7.169693436023465e-11 0.21767373599959683 [4.3245499500849786e-08, 6.081814645082048e-06, -4.00084150052463e-06]
0 193 2509 8.015695744562609e-11 0.28789954200055945 [-4.469502092269979e-09, 8.439444996879396e-06, -2.95515838843629e-06]
0 156 2028 5.947669920784217e-11 0.22303221699985443 [4.0876360449365574e-08, -3.392542664947513e-07, 6.530913972381101e-06]
0 97 1261 4.373000494939989e-11 0.14986842700000125 [-4.831323786268212e-08, -3.711566517147845e-06, 2.571495559091226e-06]
0 142 1846 5.939674869097988e-11 0.21251158399991255 [4.581069929151315e-08, -5.0790604387783895e-06, -3.5515759958702428e-06]
0 88 1144 1.504491356655745e-11 0.1374428879998959 [-4.713515972523485e-09, 3.562742897342888e-06, 1.45931637616999e-06]
0 271 3523 7.789272239314373e-11 0.41182325499994477 [2.762827101441853e-08, 2.2218136404206107e-06, -8.082267809713004e-06]
0 165 2145 9.027869273381593e-11 0.2506423029999496 [5.8139755538088975e-09, 3.597904317822673e-06, -8.774722453514185e-06]

