0 17 221 1.8374166774534374e-11 0.02798786099992867 [-4.286509859376784e-08]
3 67 871 3.77566151350403e-12 0.11019479100013996 [1.9431061508584727e-08]
2 45 585 5.370984496526208e-11 0.058961149000424484 [-7.328700087004658e-08]
3 52 676 1.3466267638048331e-11 0.07591617200068868 [3.669641350057023e-08]
1 63 819 4.3544735596740555e-12 0.10543005399995309 [-2.0867375397193715e-08]
2 64 832 2.0135161256068185e-13 0.09368235599959007 [4.4872219976359744e-09]
5 105 1365 5.4388563355823266e-11 0.1689922799996566 [-7.374860226188919e-08]
2 90 1170 7.619828632051533e-12 0.13902774399957707 [2.7604037081650815e-08]
1 43 559 1.4818409747953327e-13 0.06173737799963419 [-3.849468761784323e-09]
2 65 845 2.8264743805725735e-12 0.09955953900043824 [-1.681212175952986e-08]
1 39 507 8.108751418721853e-11 0.06181047500012937 [9.004860586773042e-08]
3 64 832 5.446185605463787e-16 0.09601520800060825 [-2.333706409440525e-10]
0 14 182 9.136738792795741e-12 0.01861175199974241 [-3.0227038877130756e-08]
17 237 3081 4.259550760373058e-11 0.32715741300035006 [-6.526523393333588e-08]
18 293 3809 5.294615514172474e-12 0.40988179899977695 [-2.3010031538814703e-08]
5 96 1248 4.919769382582389e-11 0.1251629789994695 [-7.01410677319813e-08]
2 38 494 9.565082779865684e-14 0.050539298000330746 [3.092746801771151e-09]
1 42 546 8.473055525138331e-12 0.05985328499991738 [-2.9108513402677114e-08]
1 43 559 3.8353873841625605e-12 0.0644465270006549 [-1.958414507749205e-08]
13 230 2990 5.591298614458029e-11 0.311960449000253 [-7.477498655605382e-08]
0 21 273 8.104337184891481e-12 0.027386710999962816 [2.846811757895397e-08]
1 55 715 4.131683448908724e-12 0.06903705900003843 [2.0326542866185395e-08]
42 580 7540 1.3118162038088605e-11 0.7699825159997999 [-3.6219003351954074e-08]
16 269 3497 6.210016647753544e-14 0.3634718570001496 [2.491990499129871e-09]
2 58 754 8.690372938947064e-11 0.07637285399960092 [9.322216978244534e-08]
13 239 3107 1.1395671892018337e-11 0.3271064020000267 [-3.3757476049044804e-08]
6 88 1144 9.100640514086996e-11 0.10835396699985722 [9.539727728864695e-08]
9 173 2249 4.0450493165319736e-11 0.23434079100024974 [6.360070217011738e-08]
7 108 1404 4.915027684207351e-11 0.13947128800009523 [7.010725842740787e-08]
7 111 1443 9.067747645227848e-11 0.15666148200034513 [-9.522472181753984e-08]
4 81 1053 6.510581558670234e-11 0.10856768200028455 [-8.068817483789204e-08]
1 37 481 5.120940212531045e-12 0.04746012200030236 [2.2629494498399747e-08]
3 91 1183 2.876292567142637e-13 0.13387720299942885 [5.363107837012638e-09]
4 62 806 7.489552662292957e-12 0.08475147400076821 [2.7367047086401114e-08]
10 167 2171 7.446299312912907e-13 0.22727734000000055 [-8.629194234059694e-09]
15 244 3172 6.410045944622088e-11 0.3243998070001908 [8.006276253428986e-08]
1 34 442 1.4950444230470205e-11 0.04301763300009043 [-3.8665804311394075e-08]
0 22 286 1.92635802292964e-13 0.028185144000417495 [-4.389029531604498e-09]
0 21 273 4.7483758507577325e-11 0.02860140099983255 [-6.890845993604655e-08]
10 142 1846 8.903690023976482e-11 0.20332477200008725 [9.435936638180908e-08]
9 149 1937 2.0718723268404266e-11 0.19709745999989536 [4.551782427621543e-08]
4 85 1105 2.089157615309611e-12 0.12818602300012572 [1.4453918552799482e-08]
1 55 715 5.993151078360183e-11 0.07606073999977525 [-7.741544470168845e-08]
10 160 2080 4.8343121556639086e-11 0.21781363099944429 [6.952921799980141e-08]
0 23 299 7.57302791772725e-12 0.03388962500048365 [2.751913501134665e-08]
8 159 2067 7.072850581018749e-11 0.2115681389996098 [8.410024126611498e-08]
15 210 2730 8.798189674237127e-11 0.3090337819994602 [9.37986656314317e-08]
0 31 403 6.290355184531468e-11 0.047403597999618796 [-7.931175943409318e-08]
13 205 2665 4.071285657249982e-11 0.29827403199942637 [6.380662706373047e-08]
0 33 429 6.504133899600211e-12 0.045791282999744 [2.550320352347958e-08]

