363 10000 130000 1098.0173419872958 14.451378638001188 (-0.3176209522432565, 0.4550600307424659, 1.0795818597685374, 5.771091839859958, 0.6845226808125906)
402 10000 130000 17.696088085773294 14.777618714999335 [-0.0014134044784834612, 0.43022636728353103, 0.2746824863780041, -1.3064820131972974, 1.8189751282902338]
376 10000 130000 38.284927732692864 15.432342389998666 [0.0027228686279514094, 1.7070489582382826, -0.6216878323270313, 1.1797609638314115, 0.9789993659730998]
413 10000 130000 52.471786621503355 14.775911378001183 [0.014804238897784441, 1.7556509297784766, 4.1597957035153, 0.5417240618272111, 1.7321825211846638]
415 10000 130000 48.566344063742946 14.824113984999713 [0.031014532808494755, 2.6783961192334016, 2.835484284977392, 1.1717006765770326, 0.28402857793115377]
392 10000 130000 6.3243902183331375 14.81558183999914 [-0.012516153872366015, -0.5066737791358003, 0.6787240524786264, 0.345864635951119, 0.401051289098222]
396 10000 130000 4.037788277071624 14.675050347999786 [-0.0024366673030787865, -0.2550309613003199, 0.6364202552275032, -0.49830966880548594, 0.37420681862047]
366 10000 130000 44.396938796717926 14.692416116000459 [-0.008488273183921796, 1.4006350182259544, -1.4436564539312768, 3.177051428836296, 2.831404737500463]
375 10000 130000 11.1054189871505 14.744466334999743 [-0.0069538567626702685, -0.9743727041114536, 0.8565544408488043, 0.21567239680271383, -2.300490271441122]
425 10000 130000 0.2804881703236001 15.064119012999072 [-0.0006741772825423417, -0.016237362915714905, 0.0052853212892178016, 0.3391950757625457, -0.02445678317956501]
421 10000 130000 86.99981949403458 14.905162937999194 [-0.021459103624280995, 2.04253542575338, -0.41007236964740945, 0.9208588695084092, 6.151975035636945]
428 10000 130000 110.23793255292473 14.448317436001162 [-0.06055500986168122, 1.831803471856127, 4.246595067633451, 2.909934161193749, 3.1164161963714587]
405 10000 130000 1.3343885284535315 14.142352536000544 [0.0004454443169648664, -0.28320237200028353, -0.0597606893785889, 0.07436849775202181, -0.05566619350094629]
382 10000 130000 115.60383827644259 14.820438173999719 [0.07756184760365614, 2.6662061938239265, 0.08961513701866752, 1.7213844984857045, 3.020858372568956]
398 10000 130000 3.9752188702801066 14.671491967999827 [-0.004989538774928623, -1.0533544164851012, 0.5993270025717294, -0.08249848822639522, 0.10348678715189857]
409 10000 130000 0.6199546348603117 14.948855955999534 [0.0012493343463076886, 0.0859627781386258, -0.09953414024479144, -0.357573910679998, -0.5091075778979364]
344 10000 130000 0.4496598546756127 14.691364020998662 [0.0003479594621969206, -0.04130380125576877, 0.2827348547089822, 0.06804696606231843, 0.04662301091218023]
402 10000 130000 46.365426651187285 14.858841528000994 [0.00938075945582395, -2.2573020081732316, 2.0547719992523845, 0.14541804922115364, -0.6532942962043609]
411 10000 130000 156.62929006880387 16.06778986200152 [-0.08447344308256222, 2.112756960106859, 0.03834651979869008, 1.6407704617483372, 2.834488326024391]
396 10000 130000 35.69770845889574 14.045484483998735 [-0.00320731201964093, 1.0128158428980392, 4.549619749720595, 0.10130011335524958, 1.392746367198159]
393 10000 130000 48.665993559266454 15.332515330001115 [0.006908993174924723, 2.8868709898505696, 1.9980910256108149, 2.548495053286357, 0.08621367097260596]
365 10000 130000 0.40094758021425914 14.820467191999342 [-0.00021510838693455928, -0.20992797906425578, -0.3906116602686581, -0.022894716771622886, 0.20811888536379922]
383 10000 130000 7.855702329581634 15.283543814999575 [-0.0026328840714707116, 0.050793868020588384, -1.5583341873155596, -0.8458108297605009, -0.0003579364553864192]
422 10000 130000 58.34077210785922 14.073622689998956 [0.0012439659529016687, 0.2859332631143539, 2.6472597333193373, 4.522692723078128, 2.7387599750519187]
410 10000 130000 8.668474432458517 14.51227456000015 [-0.003372851416527659, 0.08309106712754288, -0.7356423971633987, -1.0809214202794544, 0.4452507012000432]
415 10000 130000 30.71231271384959 14.734592472999793 [-0.005131407326955132, 1.4289872425789298, 3.636452329622916, -0.9277668940845047, 1.1842541143968337]
397 10000 130000 42.907834023359996 14.947970286999407 [0.023235350006392413, 1.2535009433851698, 4.216334931084453, 0.3999786561031652, -0.7485261068766111]
398 10000 130000 6.276994110103232 15.202327910999884 [-0.007380774930714656, 1.4979741319563176, 0.5103406309253498, -0.6331441982397841, 0.16428660619875662]
370 10000 130000 2.099936261256793 14.601653928000815 [0.0028136908595050285, 0.5322414284914123, -0.13805061064404836, 0.5123916533892249, -0.23639708746821264]
414 10000 130000 54.89510202074857 14.776192362000074 [-0.012187286654489449, 1.6733487261241662, 1.0718073198063909, 0.5798383895739088, 1.0023587245721994]
419 10000 130000 76.30368891110653 15.288987503001408 [0.034644883742301236, -1.5189996260426122, 3.0859055153459085, 0.9155608500624505, 3.5542347744913934]
400 10000 130000 3.925980378578137 15.10139784400053 [0.007746332799472811, 0.0387748760355327, -0.37443156350593915, 0.052645151982613256, -0.7883207858403256]
371 10000 130000 1.527390241258898 14.634398170999702 [0.00022300531699549482, 0.1699422352807572, 0.0029591987550474097, -0.883312895652942, 0.5637039433324357]
377 10000 130000 31.146886718028657 16.28798102300061 [-0.009430845151882368, 3.728476305581792, 0.10582166307549068, 2.8334924821218435, -0.6899745526748853]
416 10000 130000 153.76440428353766 14.506858855998871 (-0.04653928222614523, -2.093758903877085, 2.839916904384732, 4.290180401114058, 1.8029847855186585)
384 10000 130000 294.4298376575944 14.522540042999026 [-0.16288062619321197, 1.8739882522930622, -0.0989887709892017, 3.8459639077271763, 1.317491799068037]
395 10000 130000 37.53313545913038 14.519156502999977 [0.005724834930341359, 0.03516410386543985, 0.7156329056607009, 3.2908129817527376, -0.2501620646629534]
400 10000 130000 22.68403760746311 14.560774411000239 [0.004052256976195241, 0.7662544123347855, -0.7826406815996335, 1.443514167743581, 4.246931165919477]
381 10000 130000 10.151638833851775 14.16288148700005 [-0.013238851875049428, 0.8226916780073574, 0.992224919437107, -0.6456689368646893, -0.02732362183648905]
415 10000 130000 2.922389172403847 16.4390663159993 [-0.0010004255106866677, 0.1782452925786796, 0.10589464189407535, 0.037385284307710764, 0.5549756223370698]
370 10000 130000 15.572793501437516 16.247773093000433 [-0.0029478647548443135, 0.9772693632330047, 1.3922775107282943, -1.747780019117216, -0.6765111712972594]
391 10000 130000 7.532533873822656 14.866115991999322 [9.908403979552727e-05, -1.4452694881617962, 0.045420388771315684, 0.490434453753524, 0.03229301467991938]
385 10000 130000 21.69526468150428 15.449080028998651 [0.014589688850661496, 1.3316099551353306, 1.221602637910284, 0.48368547575128407, 0.9312490305474078]
401 10000 130000 2.7320432665691303 17.175086803999875 [0.006634033443142737, 0.7046525556460382, -0.6884831190957164, 0.44557038637517943, 0.5318477889857033]
407 10000 130000 16.078924226820035 15.701070818000517 [-0.004149244880642569, -1.721588314179666, -1.584389939318889, -1.719688370985625, -1.695663881607012]
389 10000 130000 16.984517322790236 14.685634106999714 [-0.004245473761555667, 0.13606432585890743, 0.1510928287780767, -0.04363043677203067, -0.03210435324286838]
380 10000 130000 183.86220101492216 15.017321008999716 [0.0845391465992178, -0.9463928181237427, -0.710933880837223, 2.3803303332652055, 5.973815287829114]
373 10000 130000 40.644163957546375 15.023906037000415 [0.03649364339124421, -0.484012376011977, 3.4735951700658445, -0.24597572271292345, -1.2671497291447784]
409 10000 130000 72.77642581521772 15.028349996000543 [0.003529979914537934, 5.527464333042885, 3.561031686983298, 2.4734796152491336, 3.1144675624308507]
421 10000 130000 235.46471419845193 14.527485294000144 [-0.11819341271966655, -1.4091865962024714, 1.4204893020146379, 4.46594826197124, -0.13998391542931143]

