0 20 260 8.393265582719604e-13 0.027707297000233666 [-9.161476727427519e-09]
0 29 377 9.747925813075555e-11 0.04807546899974113 [-9.873158467823533e-08]
0 35 455 5.152469080004545e-11 0.05919943600019906 [-7.178070130616268e-08]
0 131 1703 9.226548246209713e-11 0.18183911699998134 [-9.60549230711769e-08]
0 21 273 8.381938622329228e-11 0.0315569719996347 [-9.155292798337598e-08]
0 40 520 9.132514746987837e-12 0.06850326199946721 [3.022005087187617e-08]
0 33 429 2.6097983741348437e-11 0.04516620000049443 [5.108618574658754e-08]
0 43 559 5.342634842194038e-11 0.058267582000553375 [-7.309332966963564e-08]
0 30 390 1.7394556290850395e-11 0.05014889700032654 [-4.1706781571886355e-08]
0 18 234 3.0574274806015053e-13 0.029065239000374277 [-5.5294009445883965e-09]
0 26 338 8.879325965807955e-13 0.03694852799981163 [9.423017545249481e-09]
0 86 1118 3.475121331065859e-11 0.11785702099950868 [5.895015972044401e-08]
0 31 403 4.683981606254257e-11 0.0480990149999343 [-6.843962014983906e-08]
0 18 234 3.697122622484939e-12 0.027726551999876392 [1.922790322028104e-08]
0 317 4121 7.949006312905479e-11 0.4459135059996697 [-8.915720000597528e-08]
0 38 494 5.188270626776658e-11 0.06204919499941752 [-7.202965102495401e-08]
0 20 260 4.513957258585158e-11 0.03447132000019337 [-6.718599004692242e-08]
0 37 481 1.465328458594624e-12 0.05326223299925914 [-1.210507521081395e-08]
0 39 507 2.2123556067390527e-14 0.05846984399977373 [1.4873989400087163e-09]
0 33 429 2.5391711668163054e-11 0.05262903000038932 [5.039018919210668e-08]
0 20 260 1.0256463881660023e-13 0.050286837000385276 [3.2025714483302355e-09]
0 48 624 8.254346729991693e-11 0.11822139299965784 [9.085343543307371e-08]
0 21 273 1.566302477743613e-11 0.0701003039994248 [3.957653948671628e-08]
0 29 377 1.947611593917519e-12 0.05658720900009939 [1.3955685557927703e-08]
0 44 572 3.502489754809943e-11 0.09544394099975761 [5.918183635888584e-08]
0 23 299 8.694918512970778e-14 0.048105871999723604 [2.948714722208776e-09]
0 23 299 1.227042209235428e-11 0.04174629399949481 [3.502916226853603e-08]
0 30 390 9.189207931281303e-12 0.043343686000298476 [3.031370635749001e-08]
0 32 416 8.553485293392368e-12 0.043176838000363205 [2.924634215315202e-08]
0 32 416 5.906812340605918e-13 0.04983962300048006 [7.685578924587216e-09]
0 23 299 2.3836753627009775e-11 0.04056784900058119 [4.8822897934278516e-08]
0 51 663 2.958652187604832e-12 0.07574859200030915 [-1.7200733087879808e-08]
0 18 234 1.2871786384562057e-14 0.028827828999965277 [1.1345389541378496e-09]
0 23 299 2.656126014644157e-11 0.0370937559991944 [-5.153761747155331e-08]
0 27 351 2.0603476385764193e-12 0.0633859580002536 [1.4353911099684362e-08]
0 74 962 9.638103489453294e-11 0.145717515000797 [-9.817384320404949e-08]
0 32 416 1.07036543944494e-11 0.05871278799986612 [-3.2716439895638706e-08]
0 19 247 5.081043053582054e-12 0.03890911300004518 [-2.254116912137002e-08]
0 36 468 2.8663062895436488e-11 0.06645443999968847 [-5.353789582663526e-08]
0 46 598 2.0921309941768592e-11 0.10324216499975591 [4.5739818475556497e-08]
0 26 338 8.571762828065352e-11 0.08641491100024723 [9.258381515181448e-08]
0 44 572 5.080753231428263e-13 0.14433970500067517 [7.127940257485512e-09]
0 35 455 6.662957056301544e-13 0.10273134999988542 [8.162693830042594e-09]
0 27 351 1.0131188601928204e-11 0.05719227599911392 [-3.1829528117658617e-08]
0 29 377 9.215927735837177e-11 0.06318359499982762 [-9.599962362341415e-08]
0 25 325 1.7132012483228023e-11 0.08014244600053644 [-4.1390835318012154e-08]
0 26 338 4.018917862608496e-13 0.07954654500008473 [6.3394935622717495e-09]
0 28 364 4.072141032644686e-11 0.09416216999943572 [-6.381332958437983e-08]
0 30 390 2.2224837431534977e-11 0.0922000320006191 [-4.7143225845857196e-08]
0 29 377 1.9329122337934897e-11 0.05853954200028966 [4.3964897745741313e-08]

