0 361 4693 3.5639323905555325e-11 0.6008528219999789 [-9.108199083954741e-09, -8.546472793635134e-07, -1.7685668400369585e-06, -5.6779696524406216e-08, -5.563115712106536e-06]
0 304 3952 8.689945719828672e-11 0.5739274059997115 [-5.814221468960335e-08, 2.5335999373321994e-06, 3.249065150228138e-06, -3.463241086508814e-06, 4.911689535384741e-06]
0 364 4732 4.229748099148287e-11 0.6093446049999329 [-4.2757989109398955e-09, 1.6301642910945545e-06, 4.815296016658596e-06, 1.0975258323819244e-06, 3.881440728835277e-06]
0 369 4797 7.817020683640341e-11 0.6158669810001811 [3.572530389200053e-08, -4.0182049703869695e-06, 3.3999775038725124e-06, -3.859427953280062e-06, 4.775586991899979e-06]
0 165 2145 6.636920392816105e-11 0.2835555410001689 [2.091922286920152e-08, 3.047641905046798e-06, -3.4101993053669926e-06, -6.2300118997587684e-06, 1.5041397271494265e-06]
0 340 4420 9.23495542522497e-11 0.6089441670001179 [-1.3068107988881461e-08, -9.229268575309495e-06, -1.6926076915790772e-06, -1.3450266358576687e-06, 8.879098513950817e-07]
0 253 3289 9.473188378155567e-11 0.41328966399942146 [4.8731801537045685e-08, -5.145086983749556e-06, 4.307716760115597e-07, -4.183006292725173e-06, -5.179669199757286e-06]
0 372 4836 9.34008882907332e-11 0.663434879000306 [-1.9354242742959002e-08, 5.351943982513826e-07, 9.24869869147949e-06, 1.8222432511829265e-06, -7.138558489103961e-07]
0 351 4563 8.688912398992185e-11 0.5943302200003018 [8.254119264812709e-08, -1.3577750852799297e-06, -1.345713432668545e-06, -3.589770780805476e-06, 1.4891900712713957e-06]
0 297 3861 9.352541795814205e-11 0.5604207000005772 [1.6871865660663207e-08, -9.316338772246878e-07, 4.8531916430679065e-06, -4.48724152631328e-06, 6.791323297297824e-06]
0 347 4511 8.603026990562479e-11 0.6214625540005727 [2.4863378388938786e-09, -1.0926688885896704e-06, 8.11219104221036e-06, 3.796004249425439e-06, -2.1347679218284756e-06]
0 382 4966 9.127201728760649e-11 0.6189778220004882 [-3.368963589774823e-08, 4.091666097036325e-08, -2.407812607365237e-06, -5.177687616273892e-06, -6.878547582253834e-06]
0 342 4446 6.12085182844441e-11 0.6152335030001268 [-6.97470866704637e-08, 1.390834671941276e-07, -1.6444547423823706e-06, 2.2325164353053967e-06, 2.203236721229247e-06]
0 344 4472 9.173796381997732e-11 0.5863394090001748 [6.340276329374051e-08, 1.2198421750959489e-06, -2.045301926052379e-06, -4.551239245071756e-06, -5.015357048149087e-06]
0 244 3172 8.775478680346054e-11 0.4137466729998778 [-6.745649727609217e-08, 5.321192345784484e-06, 3.18245009351125e-06, -1.9011191680396178e-06, 4.4007486437361153e-07]
0 290 3770 8.299957137514056e-11 0.5038389170003938 [-1.552448658300369e-08, -2.2478085676711382e-06, 1.5021060394426268e-07, -3.9462292075483227e-07, -8.68092971440639e-06]
0 383 4979 9.775484350501675e-11 0.658574055999452 [1.7969560288037624e-08, 2.878869646473085e-06, 3.796524910978422e-06, -6.882531995663088e-06, -4.94520515481134e-06]
0 422 5486 9.962694151905613e-11 0.8290095850006765 [-6.161678856289445e-09, 9.841663946356674e-06, 1.098705768703104e-06, 9.744366203046096e-07, -4.8192149732784e-07]
0 404 5252 3.9813360719977705e-11 0.682208040999285 [-1.6275512902066633e-08, -5.560072258524984e-06, -1.8532399382735028e-07, -2.4914340739363753e-06, 9.189815148250182e-08]
0 265 3445 9.159951868262441e-11 0.47531345800052804 [7.414558872674451e-09, 9.378247943460838e-07, -2.0037548886750438e-06, 4.2750590210596365e-06, -8.238876332215339e-06]
0 362 4706 8.276537262148728e-11 0.6228017969997381 [-7.953387282038864e-08, 2.9185684566969512e-06, 1.3767314399330272e-06, 2.2427924955209112e-06, 2.016297074167969e-06]
0 344 4472 4.631218688997635e-11 0.586068929999783 [2.250702604866203e-08, 9.332232194745971e-07, 4.748604305646899e-06, -1.3740946198144054e-06, 3.9922725634965294e-06]
0 380 4940 9.498929727245241e-11 0.6441554450002513 [6.709052258310226e-08, -1.4115299010399045e-06, -5.950675986849066e-06, 8.687668013650134e-07, 3.4380514758463155e-06]
0 534 6942 7.418046625813273e-11 0.9150588560005417 [-3.038012045385089e-08, -4.8973899351266775e-06, 1.1946601657473946e-06, -5.759829840127878e-06, 2.5226312046545006e-06]
0 312 4056 6.032722133894839e-11 0.5421345960003237 [1.304490627962908e-08, -3.7634378901664465e-07, -4.7090484340212405e-06, -4.686646598619567e-06, 3.787360215065854e-06]
0 408 5304 9.260402011595699e-11 0.6511277499994321 [1.4678121869951332e-08, -2.634472496627831e-06, -8.276430742377052e-06, 6.149180669296765e-08, 3.873759812962431e-06]
0 260 3380 6.830961697612427e-11 0.44117008700050064 [-5.940804891543098e-08, -3.2724884283766005e-06, -4.5425322164929275e-06, 1.2450677757455616e-06, -3.499728543858155e-07]
0 263 3419 7.370322472947021e-11 0.4625062219993197 [-4.43110473591098e-09, 6.756603284741149e-06, 2.2536925995542345e-06, 4.120960795600581e-06, 2.407019251715013e-06]
0 318 4134 9.568022952055546e-11 0.5326072440002463 [3.092520392233119e-08, -2.0554423573895852e-06, -3.927263553218845e-06, -6.8727298612261265e-06, -4.385645801680308e-06]
0 439 5707 8.57960101207319e-11 0.7556047820007734 [2.2747344319522575e-08, -1.852350200355643e-06, 4.175455541740851e-06, -4.875902673952009e-06, 5.99846115709341e-06]
0 295 3835 1.6325149065782838e-11 0.479717344999699 [-2.101167197247096e-08, -1.0899939918455151e-06, -5.94595282574357e-07, -1.5051221136023042e-07, 3.2165138110861694e-06]
0 331 4303 9.74674526741666e-11 0.5847295739995388 [-5.242632832143515e-08, 2.6870919388430407e-06, -7.362491987666673e-07, -7.154557926470548e-06, 3.3214497689706402e-06]
0 312 4056 8.168356234131359e-11 0.5406133730002693 [8.550739916527489e-10, 3.848611676216887e-06, -1.2695392825628554e-06, 6.980375020445412e-06, -4.065350363211037e-06]
0 273 3549 6.320941481438243e-11 0.46505542599970795 [-3.6156283855357856e-08, 3.74740754076248e-06, 5.511021380902452e-06, 8.602898195501506e-07, 2.2320680278927926e-06]
0 323 4199 8.933817447470541e-11 0.8203442999993058 [1.3343841734728233e-08, 7.971074881730193e-06, -2.715846967482656e-06, -2.702573585269953e-06, -3.056113520070389e-06]
0 396 5148 9.158555945346384e-11 1.3322805939997124 [-3.167137034238387e-09, 4.280065990793453e-06, 8.475449189838878e-06, 1.1354799706644973e-06, 2.0912499769254722e-07]
0 390 5070 8.317799181063104e-11 0.661396595000042 [-2.1278010745954885e-08, -3.358516739666327e-06, 1.6470202017282605e-06, -8.038944850455684e-06, 1.830569676178036e-07]
0 363 4719 4.693569560337404e-11 0.6359470109991889 [4.2573854316796676e-08, -3.2481400086771945e-06, -2.04839981496598e-06, -3.7441896168908666e-06, 2.122585318432468e-07]
0 339 4407 3.6926426611767944e-11 0.5715509439996822 [5.0502571328206584e-08, 1.6289116510947726e-06, 9.82616498865602e-07, -5.298186832889955e-08, -2.7927824968792683e-06]
0 232 3016 9.708034467171403e-11 0.37871445799919456 [-2.444084823686791e-08, 2.172930661642988e-06, -7.363959195595009e-06, -2.696332769533398e-07, 5.6643242533951755e-06]
0 311 4043 9.100639675801707e-11 0.5124204200001259 [-4.774830892696222e-09, -3.045805042092124e-06, 6.477962627830218e-06, 3.0618225843141847e-06, 5.4920598100952455e-06]
0 274 3562 7.15640912038599e-11 0.47176166200006264 [-2.871994639777755e-09, 1.5351260218212346e-06, -5.469290839833692e-06, 4.752261060208397e-08, 6.261756549058013e-06]
0 277 3601 5.887965372882099e-11 0.5666505990002406 [-4.385266817659531e-08, -4.499209492271117e-06, 3.0259941146314266e-06, -1.97350366127838e-06, -2.520881895002126e-06]
0 298 3874 9.79596288826514e-11 0.8826548429997274 [5.9300674899789254e-08, -1.1778089792832246e-06, 8.979184864759908e-08, 7.819899453161497e-06, 4.977995797780602e-07]
0 259 3367 3.804973788854883e-11 0.7870635819999734 [3.7845214335348696e-08, 4.096604208538742e-06, -1.6070012713867882e-06, 2.0870331862484123e-06, -8.25152077238979e-08]
0 297 3861 7.709579858451189e-11 0.6181344259994148 [1.3072053695665691e-08, -1.6935748655132405e-06, 4.363410222671009e-06, -3.5750757794796385e-06, 6.379522026050089e-06]
0 248 3224 8.656806254985443e-11 0.468836454000666 [6.733875297757357e-08, -3.84437602114563e-06, -4.232132014685126e-06, 1.5889632295578011e-06, 2.45112494531361e-06]
0 321 4173 9.391915785665563e-11 0.5824304409998149 [1.1595210036779308e-09, 7.58588989416784e-07, -8.868894632212016e-06, 3.803070250290013e-06, 4.578431896309916e-07]
0 343 4459 8.963071404417429e-11 0.5591656400001739 [-8.537657384321883e-09, 5.557785910831372e-07, 5.049283517849862e-06, 2.059623592089521e-07, -7.940731939103982e-06]
0 231 3003 8.992605809908629e-11 0.3845593229998485 [2.4255211921452434e-08, -3.6658608012495634e-08, -3.136115463220289e-06, 4.697977570708479e-06, -7.220481129292552e-06]

