0 29 377 5.3253477544887826e-11 0.04483885100034968 [7.297498033222608e-08]
0 26 338 2.8947569840647736e-11 0.037569568999970215 [-5.380294586790554e-08]
0 47 611 5.064640891498322e-11 0.062093831000311184 [-7.116629041546512e-08]
0 27 351 1.7276904550007611e-12 0.036129260000052454 [-1.3144163933095026e-08]
0 36 468 1.8927020160445777e-12 0.04866640999989613 [-1.375755071240727e-08]
0 38 494 2.981108962878887e-11 0.06328516100074921 [5.459953262509567e-08]
0 28 364 4.9900942092737265e-11 0.04649872200025129 [-7.064059887397421e-08]
0 47 611 1.673509990128007e-11 0.1260151059996133 [-4.090855644150752e-08]
0 24 312 7.737950434596319e-11 0.07304824000038934 [-8.796562075377129e-08]
0 36 468 7.015188015758575e-11 0.09991874100069253 [8.375671922752572e-08]
0 39 507 2.0356310275179797e-11 0.13605804599956173 [4.511796790102564e-08]
0 25 325 5.673466289064411e-12 0.06661429299947486 [2.381903921039724e-08]
0 28 364 6.618061052112021e-11 0.06663203600055567 [8.135146619521999e-08]
0 44 572 1.8162843850302086e-11 0.08989977500004898 [4.261788808740068e-08]
0 51 663 8.266724105335195e-11 0.11858744700020907 [-9.092152718325399e-08]
0 36 468 3.196638490620259e-11 0.08579608499985625 [5.653882286199686e-08]
0 55 715 9.873252943927279e-12 0.1462924910001675 [-3.1421732835614396e-08]
0 29 377 2.283554977704812e-13 0.08868889599943941 [4.778655645372255e-09]
0 77 1001 5.627030044049013e-11 0.1942893349996666 [7.501353240615331e-08]
0 25 325 8.511922518029608e-12 0.05634219299918186 [-2.9175199259010395e-08]
0 22 286 1.3753639286746442e-11 0.047624744000131614 [-3.708589932406445e-08]
0 18 234 3.0058374944691093e-13 0.03551447699919663 [5.482551864295594e-09]
0 33 429 7.824787899542888e-11 0.06231646800006274 [-8.845783119398128e-08]
0 34 442 3.331225334071067e-12 0.06531530500069493 [-1.8251644676771095e-08]
0 26 338 1.336520400896633e-12 0.050845490000028803 [-1.156079755422018e-08]
0 47 611 1.4619560961118443e-12 0.08988630200019543 [1.2091137647516235e-08]
0 27 351 9.256720548549862e-11 0.04534134600089601 [9.62118524327947e-08]
0 35 455 4.5294330391254735e-12 0.07115092200001527 [2.1282464704834996e-08]
0 67 871 5.874456330918577e-11 0.12524678799945832 [-7.664500199568512e-08]
0 34 442 1.0754023006041881e-12 0.06400643799952377 [-1.0370160560975843e-08]
0 21 273 3.7552028554750516e-11 0.040881304000322416 [-6.127970998197569e-08]
0 56 728 1.5791978738353056e-11 0.10720802899959381 [-3.973912271094199e-08]
0 44 572 1.248792576213951e-11 0.07748198500030412 [-3.533825938291176e-08]
0 27 351 3.735089455798936e-12 0.04432837700005621 [-1.932637952591984e-08]
0 56 728 9.095435071202421e-11 0.08211434900022141 [9.536999041209148e-08]
0 27 351 1.8444675653138704e-11 0.04252948999965156 [-4.294726493403125e-08]
0 24 312 1.8478672597757105e-12 0.03274876600062271 [1.35936281388587e-08]
0 26 338 6.838479548757857e-11 0.04159320300004765 [-8.269509990778086e-08]
0 32 416 3.785930924909287e-11 0.052306610000414366 [-6.152991894118899e-08]
0 41 533 1.183001068774724e-12 0.06289204099994095 [-1.087658525813467e-08]
0 55 715 5.586324753521255e-12 0.08227009500023996 [-2.3635407238973598e-08]
0 29 377 7.234219613558167e-11 0.04096246900007827 [-8.505421573066304e-08]
0 30 390 1.4169198766368764e-11 0.04482455499964999 [-3.7641996182945404e-08]
0 43 559 3.343102373070253e-11 0.0669061660000807 [-5.781956738916552e-08]
0 34 442 4.150100787478775e-11 0.04844059399965772 [-6.442127589142251e-08]
0 49 637 3.929719374717948e-11 0.07569310599956225 [6.268747382625932e-08]
0 31 403 7.144657210136894e-11 0.048115329000211204 [-8.452607414364453e-08]
0 27 351 1.164479236390625e-11 0.04278706700006296 [3.412446682939713e-08]
0 41 533 2.922965219166004e-12 0.05971188999956212 [1.7096681605405197e-08]
0 30 390 4.822429968463337e-12 0.04365103199961595 [2.1960031804310616e-08]

