7 156 2028 3.6493235428051434e-11 0.20458247100032168 [6.040963120898143e-08]
6 140 1820 6.882882391042695e-11 0.18423603900009766 [8.296313874874007e-08]
16 242 3146 1.0248421227183409e-11 0.3337443810005425 [3.2013155463314466e-08]
20 278 3614 3.850359818589993e-11 0.40071241600071517 [-6.205126766303806e-08]
4 91 1183 6.267983393418055e-12 0.11898080500031938 [-2.503594095179579e-08]
4 61 793 2.0952632287355995e-11 0.08808458399926167 [4.5774045361269956e-08]
6 91 1183 6.542551541238692e-11 0.13668420599969977 [-8.088604045964107e-08]
0 26 338 5.085735026564122e-11 0.03490761200009729 [-7.131433955779246e-08]
4 110 1430 3.22193466264389e-12 0.1597300900002665 [-1.7949748362146724e-08]
3 60 780 3.817004318655685e-11 0.07661996300066676 [6.178190931539495e-08]
2 63 819 3.8233148775248167e-11 0.08143584000026749 [-6.183295947571017e-08]
0 30 390 3.112040491301912e-11 0.03848723800001608 [-5.5785665643621317e-08]
2 54 702 9.947643157129444e-12 0.0840261859993916 [-3.153988452282196e-08]
0 26 338 1.1728304445410761e-11 0.039554081999995105 [3.4246612161512796e-08]
0 32 416 4.232863049682462e-12 0.04113845899973967 [2.0573922935800218e-08]
7 131 1703 5.691314180464421e-11 0.17755589399985183 [-7.544079917699985e-08]
1 47 611 1.926598517199994e-11 0.07107877799990092 [-4.389303495088935e-08]
5 118 1534 5.166218135150297e-11 0.15513059299973975 [7.187640875245714e-08]
17 277 3601 8.534702517354755e-11 0.39090495700020256 [9.238345369899717e-08]
5 91 1183 5.728015285334553e-13 0.11515231299927109 [-7.568365269550983e-09]
13 185 2405 3.818168838058836e-11 0.2500912680006877 [-6.17913330335156e-08]
2 47 611 4.6141086277469324e-11 0.06028090299969335 [6.792723038477966e-08]
8 148 1924 4.0888010016432644e-12 0.19395485099994403 [2.02207838662186e-08]
16 301 3913 3.3431234392175197e-12 0.3966131229999519 [1.8284210235111386e-08]
7 171 2223 7.963878480348635e-11 0.21482752500014612 [-8.92405652175547e-08]
3 82 1066 3.685764778071012e-11 0.11513115700017806 [6.071049973498005e-08]
1 41 533 6.848510404041799e-11 0.05198239400033344 [8.27557273186684e-08]
11 156 2028 2.3673394292408442e-11 0.21580368099967018 [4.8655312446235963e-08]
0 30 390 2.972604962342252e-12 0.03730501100017136 [-1.7241244045434345e-08]
6 85 1105 4.0591086975179676e-11 0.10455524200006039 [6.371113480011142e-08]
8 122 1586 3.4086451667534375e-11 0.1769104579998384 [-5.8383603578003284e-08]
7 96 1248 3.419371737317404e-11 0.12464083599934384 [-5.8475394289542026e-08]
17 282 3666 6.112413871363437e-13 0.38431089999994583 [-7.818192803559808e-09]
25 407 5291 5.3598462958741923e-11 0.533051178000278 [-7.321097114418161e-08]
1 34 442 4.57198011793111e-11 0.045930326000416244 [6.761641899665429e-08]
0 22 286 6.672191673721555e-12 0.027997903999676055 [-2.5830585889060967e-08]
17 203 2639 2.892913829027558e-15 0.2857287669994548 [5.378581438472005e-10]
1 41 533 4.995228545179036e-11 0.05378492199997709 [-7.067693078493884e-08]
34 580 7540 9.844637093984161e-11 0.7609046950001357 [-9.922014459767815e-08]
0 40 520 1.1604592742846656e-11 0.05125839399988763 [3.406551444327042e-08]
0 30 390 7.10783196095025e-11 0.03863578500022413 [8.43079590605196e-08]
0 30 390 5.800968429558673e-11 0.03979041899947333 [7.616408884480056e-08]
12 203 2639 1.710782146336441e-11 0.2683532989995001 [-4.1361602318290824e-08]
36 515 6695 1.5426921388728968e-11 0.7150871680005366 [-3.9277119788407305e-08]
11 244 3172 1.9944570370189903e-11 0.37681112800055416 [4.465934434157078e-08]
2 44 572 7.873496946552515e-11 0.07648379799957183 [-8.873272759558626e-08]
2 40 520 4.663616525683539e-13 0.0751340140004686 [6.829067671127252e-09]
6 120 1560 7.551742920916774e-11 0.16845385899978282 [-8.690076478902113e-08]
0 35 455 4.9328102188851113e-11 0.04512508700008766 [7.023396770000333e-08]
3 78 1014 4.79378364957611e-11 0.10264458900019235 [-6.923715512335924e-08]

