0 229 2977 7.441020214754483e-11 0.43248419199971977 [-2.8636337605567323e-08, -4.867589974206657e-07, -3.6007190481649785e-06, 4.383095411513083e-06, 5.8134470377848476e-06]
0 226 2938 9.367886444649787e-11 0.39044874499995785 [3.539739361914906e-08, 2.4441805051829394e-06, 8.334835975168889e-06, -1.4124727823063004e-06, 1.9262713361741626e-06]
0 232 3016 9.965361665441322e-11 0.5026494510002522 [-1.0140162114880452e-08, -3.6328181010071795e-06, 9.0094451390176e-06, 3.446050766090256e-07, -2.034494052695821e-06]
0 248 3224 9.47248585310342e-11 0.4331842849996974 [-2.7114279041111952e-08, 1.6119180613577113e-06, -5.725143541673775e-06, -5.134113177669823e-06, 5.063432701381376e-06]
0 257 3341 9.59632617856211e-11 0.4467222099992796 [-1.116723581418707e-08, -1.3497351120025482e-06, -2.7039050604432343e-06, 2.2051433760331292e-06, 8.984466899655129e-06]
0 242 3146 9.298540610685309e-11 0.4056597620001412 [-1.6587731396728166e-08, -5.369433652256648e-07, 7.592050465500225e-06, 5.36943297298447e-06, -1.8642770390739095e-06]
0 373 4849 9.022126154396989e-11 0.6271465029994943 [-2.977481500055348e-09, 3.333242940142903e-06, -8.963601092802877e-07, -3.422827739128537e-06, -8.15493028222001e-06]
0 318 4134 9.997030943444487e-11 0.5098502490000101 [3.75929800170018e-08, -2.455917559329381e-06, 7.208880532765926e-06, 2.084500250411786e-08, 5.27617890720307e-06]
0 329 4277 8.897232746970494e-11 0.5697945830006574 [-8.522290731514213e-08, 3.233225902644516e-06, 1.4350780863978594e-07, -5.467245847885139e-07, 2.360007660362076e-06]
0 251 3263 8.646096869822063e-11 0.4031193490000078 [5.6242381769844754e-08, -4.7527663003423205e-07, 7.018871329697349e-06, -2.2635532070818386e-06, -4.634629300994483e-07]
0 384 4992 9.831246756930122e-11 0.6534772929999235 [-4.311233152415728e-08, -4.2747177000551285e-06, 3.144499288094667e-06, -7.109193474015536e-06, 1.0119373675456452e-06]
0 271 3523 4.682172769511024e-11 0.44858107500022015 [3.895681032648669e-08, -8.28139860303502e-07, 3.236201310193566e-06, 1.5035630797796063e-06, 4.269177965811832e-06]
0 291 3783 9.716298604769438e-11 0.5046604819999629 [-3.446650434527519e-08, -9.12988180603792e-06, 7.260347092073612e-07, 9.114391309665549e-07, 7.556436655014894e-07]
0 264 3432 1.7918249366279933e-11 0.43664142900070146 [2.552492141940613e-09, 3.19464290315893e-06, -1.1489971966445763e-06, 1.295307484690767e-06, -2.1562323363766978e-06]
0 402 5226 9.834503703092849e-11 0.6891872429996511 [-2.8672337856359665e-08, 4.033238856653493e-06, -1.788457566288443e-06, -7.714279461487893e-07, -8.370382920279265e-06]
0 292 3796 6.402328354121319e-11 0.47658366999985446 [-1.7234318023905986e-09, -7.685655878494224e-06, 1.0720262228131166e-06, 1.8451862255285943e-06, -6.085414180859199e-07]
0 280 3640 8.027933705486802e-11 0.4736896299991713 [5.398892211431852e-08, 7.965162081321586e-07, 2.0734583418689716e-06, -6.028376048046557e-06, 3.1394768039059974e-06]
0 284 3692 8.993086917871744e-11 0.46717932100000326 [3.675351017985185e-08, 8.563398477482167e-06, -6.484818392289355e-07, 1.30875765038203e-06, 9.785168909761145e-07]
0 286 3718 9.986282697756521e-11 0.4666900460006218 [2.6723012642266432e-08, 6.129291270257599e-06, -5.006511049737651e-06, -5.453526470897453e-06, 5.89336572085473e-07]
0 347 4511 7.867045373654586e-11 0.5598013750004611 [2.2396659747670718e-08, -2.4559005670292427e-06, 9.70449312974415e-07, -3.571977870531344e-06, 7.343167210833743e-06]
0 292 3796 7.15258516470723e-11 0.48219983899980434 [1.0222760139516836e-08, 2.5867676649812927e-06, -2.613034649310823e-06, 2.7107329313489838e-06, 7.043678963594223e-06]
0 327 4251 8.399667612719396e-11 0.530082539000432 [-1.5470795993370258e-09, 8.553480078346466e-06, 1.94466759495665e-06, -1.7917568427314365e-06, 1.9541226894204596e-06]
0 377 4901 8.632094827418798e-11 0.6305154029996629 [-2.9566135747521533e-08, 2.979858322795294e-06, 6.351837724037627e-08, -7.707929906189426e-07, -8.252373743427545e-06]
0 230 2990 6.55624574660053e-11 0.38063138500001514 [1.923443527304167e-08, 3.183834987183874e-06, -6.021365308572907e-06, -3.909890555666631e-06, -4.265359317624291e-07]
0 335 4355 9.02067085550371e-11 0.5458985859995664 [-2.992730521591531e-08, -1.1921979654528868e-06, 7.138019983312718e-06, 4.487709702448981e-06, 2.956022485657908e-06]
0 265 3445 6.013236209135428e-11 0.440476665999995 [1.4414593632530873e-08, 1.3108054688714916e-06, -2.8151130250737847e-06, -6.800790561477013e-06, 1.4699429965838742e-06]
0 285 3705 9.525481534454204e-11 0.552763681000215 [5.871086180536774e-08, 1.5158614653234616e-06, -1.9101778517833443e-06, 7.391258424570306e-06, 4.5590119431122536e-07]
0 291 3783 4.600172864578098e-11 0.5810962879995714 [1.202405998942377e-08, 1.9945498551160603e-06, 1.220959061232446e-06, -1.8312415134588653e-06, 5.977753158597646e-06]
0 257 3341 5.782269666456726e-11 0.4614452819996586 [-4.018404394007192e-08, 1.892168227519273e-07, 3.205028411406778e-06, 4.411454560460483e-06, -3.450533484527627e-06]
0 300 3900 2.5059141707241954e-11 0.4973149970001032 [-2.156712568147067e-08, 4.421888623499968e-06, -2.9848553601685365e-07, 8.224568910910577e-07, 2.985040269168258e-07]
0 396 5148 9.403152537532221e-11 0.6439880059997449 [-2.7920530849961052e-08, -1.8653478321257895e-06, -9.003389064907811e-07, 8.897878118529254e-06, 1.6654120368025606e-06]
0 333 4329 8.692238933585124e-11 0.526816603000043 [3.730458288070406e-08, -8.05193288594866e-06, 3.302729545430923e-07, 2.4926391233646348e-06, -1.3601900871443982e-06]
0 262 3406 8.921417921981351e-11 0.463734476999889 [3.4547055665271865e-08, -1.944836253452748e-06, 5.855274318440431e-06, -5.490175596320681e-06, -3.0117329219325314e-06]
0 300 3900 9.803757771599988e-11 0.492046883000512 [-1.0930005109149828e-08, 9.641067168420734e-06, 6.31984026031508e-07, 1.7627534027343704e-06, -6.213276793518006e-07]
0 386 5018 8.939854586820035e-11 0.6432408949995079 [-1.992217776163677e-08, 8.285262611788411e-07, 3.669033801491211e-06, 1.0989735330596671e-06, 8.370997943627995e-06]
0 297 3861 6.049033936575264e-11 0.4933294949996707 [1.2335394702744831e-08, -7.458182808942693e-06, 1.7418740464056952e-06, -3.690919917387048e-07, 4.1698301825359617e-07]
0 293 3809 4.527336608853261e-11 0.49812296299933223 [6.017637189289599e-08, -1.4210696251170448e-06, -6.000908946423361e-08, 7.881351306689823e-08, 2.651821488434094e-06]
0 300 3900 4.89240588735544e-11 0.4926828690004186 [-4.33505514415754e-09, 6.159954501932709e-06, -1.6399568721274e-06, -2.862805252883659e-07, 2.831903475587967e-06]
0 331 4303 9.911189277078456e-11 0.5552995130001364 [6.483924220419277e-08, -3.1561950677813806e-06, 2.3320992975004275e-06, -5.0027853402914415e-06, 4.079522505676415e-06]
0 384 4992 7.76157000466779e-11 0.6545459180006219 [7.913941180924645e-08, -1.2338126609075803e-06, -3.6491832523768953e-06, 3.2991176127394803e-07, 1.9380704236999805e-07]
0 265 3445 3.074803285130322e-11 0.44920776300023135 [-1.7143107595366877e-08, 2.392914578858227e-06, -3.37589586502309e-06, -3.234792314006611e-06, 4.717807574408648e-07]
0 377 4901 9.891143705573531e-11 0.6173149039996133 [4.5427905677938954e-08, -1.5496963488246694e-06, -2.7128827127797708e-06, 2.326682002550548e-06, 7.943535131479287e-06]
0 267 3471 8.406154420052557e-11 0.4784492789995056 [5.3473117796274544e-08, 1.91344659702039e-06, 6.501167734216603e-06, -2.241983305712568e-07, 3.080759038367679e-06]
0 289 3757 9.122860595811323e-11 0.4819681090002632 [-7.880568689251443e-08, -5.075209690987238e-06, 1.6426248087650272e-06, -7.948240290762751e-07, -1.9372192711422998e-07]
0 288 3744 5.656191061828301e-11 0.4590714180003488 [2.5791599889577303e-08, 2.340575294391502e-06, 1.8933791834631152e-06, 5.707148220540413e-06, 2.8766518936669497e-06]
0 372 4836 8.234748993865439e-11 0.6060238089994527 [4.875383486171327e-08, 5.219900958102536e-06, 4.916144408923109e-06, 2.2499732027774785e-06, 1.4491047327297812e-06]
0 282 3666 9.745641696787887e-11 0.5078840449996278 [-1.435950936690594e-08, 8.628117477286472e-06, 1.1001695790823578e-06, -2.711017888483874e-07, -4.4346568515258266e-06]
0 352 4576 8.906081398495471e-11 0.742493382000248 [3.441726091917375e-08, -6.110708818883632e-06, 4.18601962361137e-06, 4.619941834299383e-06, -1.0039673213898202e-06]
0 329 4277 8.721983399133878e-11 1.0883006139993086 [-2.0368019785093243e-08, 6.101471853825234e-07, 2.965446929331035e-07, 7.129808787161676e-06, 5.637098545125357e-06]
0 238 3094 9.802913801256856e-11 0.49424677200022415 [-6.944965933740418e-08, 5.007881916630147e-06, 4.2743883248422155e-06, -4.917027961987232e-07, 2.4910916702332185e-06]

