0 16242 0 10000 146242 0.0003597470804197071 5.204700993999722 [[0.6000000000000001]] [[0.009]] [[1]]
0 24609 0 10000 154609 0.0003597470804197071 5.093012147000991 [[0.6000000000000001]] [[0.009]] [[1]]
0 18964 0 10000 148964 0.0003597470804197071 4.676594971999293 [[0.6000000000000001]] [[0.009]] [[1]]
0 17156 0 10000 147156 0.0003597470804197071 6.246926903997519 [[0.6000000000000001]] [[0.009]] [[1]]
0 13200 0 10000 143200 0.0003597470804197071 4.852671994998673 [[0.6000000000000001]] [[0.009]] [[1]]
0 13420 0 10000 143420 0.0003597470804197071 4.743176116000541 [[0.6000000000000001]] [[0.009]] [[1]]
0 11568 0 10000 141568 0.0003597470804197071 5.4653121100018325 [[0.6000000000000001]] [[0.009]] [[1]]
0 28842 0 10000 158842 0.0003597470804197071 4.7168386170014855 [[0.6000000000000001]] [[0.009]] [[1]]
0 26668 0 10000 156668 0.0003597470804197071 5.054968225998891 [[0.6000000000000001]] [[0.009]] [[1]]
0 18737 0 10000 148737 0.0003597470804197071 5.760759828001028 [[0.6000000000000001]] [[0.009]] [[1]]
0 9948 0 10000 139948 0.0003597470804197071 4.728601049002464 [[0.6000000000000001]] [[0.009]] [[1]]
0 12987 0 10000 142987 0.0003597470804197071 4.772498975999042 [[0.6000000000000001]] [[0.009]] [[1]]
0 22384 0 10000 152384 0.0003597470804197071 5.519349671998498 [[0.6000000000000001]] [[0.009]] [[1]]
0 13025 0 10000 143025 0.0003597470804197071 4.974536777001049 [[0.6000000000000001]] [[0.009]] [[1]]
0 23613 0 10000 153613 0.0003597470804197071 6.392402757999662 [[0.6000000000000001]] [[0.009]] [[1]]
0 16044 0 10000 146044 0.0003597470804197071 4.99362441500125 [[0.6000000000000001]] [[0.009]] [[1]]
0 15892 0 10000 145892 0.0003597470804197071 5.19960143100252 [[0.6000000000000001]] [[0.009]] [[1]]
0 13585 0 10000 143585 0.0003597470804197071 5.683535465999739 [[0.6000000000000001]] [[0.009]] [[1]]
0 11832 0 10000 141832 0.0003597470804197071 4.979421759999241 [[0.6000000000000001]] [[0.009]] [[1]]
0 12210 0 10000 142210 0.0003597470804197071 4.876008875002299 [[0.6000000000000001]] [[0.009]] [[1]]
0 16743 0 10000 146743 0.0003597470804197071 6.15537752399905 [[0.6000000000000001]] [[0.009]] [[1]]
0 11801 0 10000 141801 0.0003597470804197071 6.1434639420003805 [[0.6000000000000001]] [[0.009]] [[1]]
0 27737 0 10000 157737 0.0003597470804197071 5.083153804000176 [[0.6000000000000001]] [[0.009]] [[1]]
0 8580 0 10000 138580 0.0003597470804197071 5.466442415003257 [[0.6000000000000001]] [[0.009]] [[1]]
0 12140 0 10000 142140 0.0003597470804197071 4.792871405999904 [[0.6000000000000001]] [[0.009]] [[1]]
0 26340 0 10000 156340 0.0003597470804197071 5.128554754002835 [[0.6000000000000001]] [[0.009]] [[1]]
0 22805 0 10000 152805 0.0003597470804197071 5.4279397659993265 [[0.6000000000000001]] [[0.009]] [[1]]
0 29292 0 10000 159292 0.0003597470804197071 5.058432177000213 [[0.6000000000000001]] [[0.009]] [[1]]
0 11449 0 10000 141449 0.0003597470804197071 5.004952930001309 [[0.6000000000000001]] [[0.009]] [[1]]
0 14873 0 10000 144873 0.0007194941608394142 5.42683819100057 [[0.6000000000000001]] [[0.009]] [[4]]
0 16348 0 10000 146348 0.0003597470804197071 5.266134415000124 [[0.6000000000000001]] [[0.009]] [[1]]
0 21407 0 10000 151407 0.0003597470804197071 4.797660765998444 [[0.6000000000000001]] [[0.009]] [[1]]
0 16320 0 10000 146320 0.0003597470804197071 5.420734126000752 [[0.6000000000000001]] [[0.009]] [[1]]
0 19316 0 10000 149316 0.0003597470804197071 6.551916976000939 [[0.6000000000000001]] [[0.009]] [[1]]
0 21411 0 10000 151411 0.0003597470804197071 4.9930507659992145 [[0.6000000000000001]] [[0.009]] [[1]]
0 13894 0 10000 143894 0.0003597470804197071 5.7952314210015174 [[0.6000000000000001]] [[0.009]] [[1]]
0 25664 0 10000 155664 0.0003597470804197071 5.665101247999701 [[0.6000000000000001]] [[0.009]] [[1]]
0 18432 0 10000 148432 0.0003597470804197071 4.852107873997738 [[0.6000000000000001]] [[0.009]] [[1]]
0 13759 0 10000 143759 0.0003597470804197071 5.356857255999785 [[0.6000000000000001]] [[0.009]] [[1]]
0 19032 0 10000 149032 0.0003597470804197071 5.397050511997804 [[0.6000000000000001]] [[0.009]] [[1]]
0 30359 0 10000 160359 0.0003597470804197071 7.3884359120020235 [[0.6000000000000001]] [[0.009]] [[1]]
0 13886 0 10000 143886 0.0003597470804197071 7.7029341039997234 [[0.6000000000000001]] [[0.009]] [[1]]
0 21375 0 10000 151375 0.0003597470804197071 5.387881662001746 [[0.6000000000000001]] [[0.009]] [[1]]
0 31875 0 10000 161875 0.0003597470804197072 5.635355558999436 [[0.6000000000000002]] [[0.009]] [[1]]
0 12849 0 10000 142849 0.0003597470804197071 5.0666935679983 [[0.6000000000000001]] [[0.009]] [[1]]
0 27833 0 10000 157833 0.0003597470804197071 5.43983254900013 [[0.6000000000000001]] [[0.009]] [[1]]
0 13884 0 10000 143884 0.0003597470804197071 5.871957512998051 [[0.6000000000000001]] [[0.009]] [[1]]
0 25058 0 10000 155058 0.0003597470804197071 5.077806688997953 [[0.6000000000000001]] [[0.009]] [[1]]
0 14396 0 10000 144396 0.0003597470804197071 5.1097903170011705 [[0.6000000000000001]] [[0.009]] [[1]]
0 30431 0 10000 160431 0.0003597470804197071 5.587955718001467 [[0.6000000000000001]] [[0.009]] [[1]]

