29 151358 25641 562 184305 2.658560592321643 0.942761320999125 [[1.2230416661414338]] [[0.283]] [[9]]
5 34935 7818 168 44937 2.6585592027055625 0.2820358520002628 [[1.2230410268637844]] [[0.283]] [[9]]
9 44367 7648 124 53627 2.6585598294088797 0.30464020899671596 [[1.2230413151717776]] [[0.283]] [[9]]
2 15755 2726 50 19131 2.658562237780743 0.09374201299942797 [[1.2230424231168608]] [[0.283]] [[9]]
0 6985 1672 23 8956 2.6585625060398193 0.049349416000040947 [[1.223042546526509]] [[0.283]] [[9]]
16 91051 16127 380 112118 2.6585602103510624 0.5188817249982094 [[1.2230414904200542]] [[0.283]] [[9]]
51 262202 45581 1070 321693 2.6585600760466828 1.5256952480012842 [[1.223041428634796]] [[0.283]] [[9]]
12 59978 9979 203 72596 2.65856195996868 0.4999246879997372 [[1.2230422953124653]] [[0.283]] [[9]]
3 29982 6110 160 38172 2.6585593310741316 0.25213337400055025 [[1.2230410859183378]] [[0.283]] [[9]]
5 32673 7237 166 42068 2.658560792725966 0.24371255900041433 [[1.2230417583352464]] [[0.283]] [[9]]
14 78053 12533 266 94044 2.6585614869841425 0.46267501700276625 [[1.2230420777211124]] [[0.283]] [[9]]
2 15696 2381 54 18779 2.6585614795599124 0.07651335799891967 [[1.2230420743056767]] [[0.283]] [[9]]
0 2690 1195 17 4106 2.658559775209683 0.04046210799788241 [[1.2230412902380312]] [[0.283]] [[9]]
1 13070 2880 53 16639 2.658559317141468 0.08048325699928682 [[1.2230410795087685]] [[0.283]] [[9]]
6 32320 6682 164 41134 2.6585608703135657 0.28871033800169243 [[1.2230417940285714]] [[0.283]] [[9]]
5 27620 4543 110 33593 2.6585608821163644 0.17620744399755495 [[1.2230417994583198]] [[0.283]] [[9]]
36 198895 34986 890 245451 2.658560408646828 1.2953094430013152 [[1.223041581643848]] [[0.283]] [[9]]
10 58096 12305 274 73963 2.6585592188898235 0.39152233799904934 [[1.2230410343091764]] [[0.283]] [[9]]
1 9355 2148 39 12010 2.658560761628979 0.0622544959987863 [[1.2230417440294186]] [[0.283]] [[9]]
8 38240 7239 141 47312 2.658561500771923 0.23812459600230795 [[1.2230420840640297]] [[0.283]] [[9]]
9 48192 8763 184 59347 2.6585604518531416 0.3184007849995396 [[1.223041601520439]] [[0.283]] [[9]]
2 20562 3075 66 24495 2.65856255995656 0.10676041300030192 [[1.2230425713303148]] [[0.283]] [[9]]
17 88070 16506 361 109269 2.658559840594469 0.5424756020001951 [[1.2230413203175854]] [[0.283]] [[9]]
3 17542 2576 65 20963 2.6585605189746064 0.08255111299877171 [[1.2230416323989335]] [[0.283]] [[9]]
15 78575 12633 321 95381 2.6585613733350204 0.501929026999278 [[1.2230420254380792]] [[0.283]] [[9]]
7 32332 4868 99 38487 2.658562535929235 0.16140166200057138 [[1.2230425602768071]] [[0.283]] [[9]]
9 50019 9491 212 62266 2.6585617478692622 0.3094915170004242 [[1.2230421977384527]] [[0.283]] [[9]]
8 35894 4832 100 42026 2.658560792958902 0.15177445000153966 [[1.2230417584424063]] [[0.283]] [[9]]
6 33451 5692 123 40742 2.6585609536920813 0.2059807389996422 [[1.2230418323859438]] [[0.283]] [[9]]
19 106406 16439 419 128292 2.6585592140204257 0.5854795220002416 [[1.2230410320690632]] [[0.283]] [[9]]
3 22999 3048 60 26827 2.658560835544241 0.11738622200209647 [[1.2230417780333245]] [[0.283]] [[9]]
18 91064 15720 404 112036 2.658561444564043 0.522576367999136 [[1.2230420582062105]] [[0.283]] [[9]]
6 37539 6143 161 45775 2.6585624804361285 0.1959542299991881 [[1.2230425347478115]] [[0.283]] [[9]]
2 19776 3821 64 24429 2.658559446659894 0.12624663799942937 [[1.223041139092301]] [[0.283]] [[9]]
1 12770 2233 50 15653 2.6585605334423095 0.0709653480007546 [[1.2230416390546417]] [[0.283]] [[9]]
87 410176 69646 1673 501571 2.658561974313013 2.412264669997967 [[1.2230423019114187]] [[0.283]] [[9]]
8 49036 10078 230 62104 2.6585611724971203 0.6019334849988809 [[1.2230419330448041]] [[0.283]] [[9]]
0 4104 991 21 5368 2.6585617634936773 0.05592220300241024 [[1.2230422049262937]] [[0.283]] [[9]]
2 12953 1713 41 15199 2.658559244045196 0.15020535200164886 [[1.2230410458816297]] [[0.283]] [[9]]
0 7187 1866 31 9456 2.658560155369488 0.11326815299980808 [[1.2230414651263832]] [[0.283]] [[9]]
16 91195 13086 347 108792 2.658562015030897 0.7442480190002243 [[1.223042320643235]] [[0.283]] [[9]]
7 34381 3558 85 39044 2.658561361457523 0.1460218440006429 [[1.2230420199739667]] [[0.283]] [[9]]
35 182934 36131 887 230596 2.658560082477407 1.1908036189997802 [[1.2230414315931804]] [[0.283]] [[9]]
56 273765 48785 1087 336681 2.6585599694331625 1.5149918500028434 [[1.2230413795884145]] [[0.283]] [[9]]
10 56998 9844 256 70170 2.6585603860122955 0.3409674869981245 [[1.2230415712310794]] [[0.283]] [[9]]
17 77125 15789 283 96593 2.6585612211611056 0.47170645099686226 [[1.2230419554321375]] [[0.283]] [[9]]
15 74270 12840 261 90503 2.658559466402163 0.4019031179996091 [[1.2230411481745156]] [[0.283]] [[9]]
62 324739 58839 1371 401401 2.65855960576594 1.8462377270006982 [[1.223041212287294]] [[0.283]] [[9]]
29 155094 29353 699 193534 2.658562525990959 0.9494380030009779 [[1.2230425557048124]] [[0.283]] [[9]]
5 30625 6575 132 38916 2.65856116158142 0.1998289350012783 [[1.2230419280231557]] [[0.283]] [[9]]

