257 2470931 0 10000 2600931 0.0015590583793185866 7.997949532000348 [[0.6482769333937868]] [[0.0118]] [[5]]
264 2482080 0 10000 2612080 0.042354197577008125 7.749965996001265 [[1.1523569899903054]] [[0.028]] [[17]]
262 2465959 0 10000 2595959 0.0015664767890911208 7.972763151003164 [[1.9565739943165816]] [[0.0104]] [[1]]
249 2455276 0 10000 2585276 0.46770189320607525 8.594911208998383 [[0.6703959286768992]] [[0.307]] [[1]]
247 2431525 0 10000 2561525 0.0013191393963118965 7.925844384000811 [[0.6000303704761404]] [[0.009]] [[9]]
267 2527824 0 10000 2657824 0.004477046642158686 8.924496253999678 [[1.4933980740920887]] [[0.009]] [[13]]
259 2455576 0 10000 2585576 1.441601988660423 8.248288595001213 [[1.9811309113528381]] [[0.192]] [[6]]
276 2495682 0 10000 2625682 1.3800159274094261 9.104747000998032 [[1.0209826285660157]] [[0.331]] [[3]]
256 2484722 0 10000 2614722 1.9603781384434589 8.711944719001622 [[1.9840710546881994]] [[0.283]] [[3]]
261 2484248 0 10000 2614248 0.002103532304470543 9.337954865997744 [[0.6191209380358748]] [[0.009]] [[15]]
299 2574078 0 10000 2704078 0.0003598121753634069 7.658311472998321 [[0.600108567847651]] [[0.009]] [[1]]
275 2506177 0 10000 2636177 1.04545626631776 7.751805903000786 [[1.0403422373432782]] [[0.177]] [[11]]
271 2512397 0 10000 2642397 0.0011480421712064832 7.908520605997182 [[1.113865667508956]] [[0.0118]] [[1]]
289 2607580 0 10000 2737580 0.0022000031667208913 7.815681558000506 [[0.687984336015593]] [[0.009]] [[14]]
291 2573919 0 10000 2703919 0.0005178215571709905 7.9812585389991 [[0.8636426845775019]] [[0.009]] [[1]]
266 2501126 0 10000 2631126 1.4734839372187847 8.041025049999007 [[1.2427435860686606]] [[0.283]] [[4]]
266 2485211 0 10000 2615211 0.0010559864752120339 8.085409229999641 [[1.5807024868518331]] [[0.0095]] [[1]]
263 2501014 0 10000 2631014 0.00046515925389690636 8.283102306002547 [[0.7758104722143421]] [[0.009]] [[1]]
280 2539347 0 10000 2669347 0.0012824619240419228 7.976685420999274 [[2.138939261237161]] [[0.009]] [[1]]
272 2535270 0 10000 2665270 0.0014483002737108708 8.038549323999177 [[0.8421917929402388]] [[0.0132]] [[2]]
245 2462157 0 10000 2592157 0.0003597713591477189 7.631806899000367 [[0.6000404929952179]] [[0.009]] [[1]]
269 2498089 0 10000 2628089 1.7753566048991982 7.7188011550024385 [[0.975918145592605]] [[0.192]] [[18]]
266 2480160 0 10000 2610160 0.0006043498615789111 8.751342036997812 [[0.9046492086317011]] [[0.0095]] [[1]]
244 2431353 0 10000 2561353 0.0004677596453709341 8.667577824002365 [[0.7801475050058142]] [[0.009]] [[1]]
267 2485025 0 10000 2615025 0.6431359155077445 8.329064649999054 [[1.3001779214793507]] [[0.135]] [[9]]
279 2571795 0 10000 2701795 0.000714258217257679 9.27250366500084 [[1.1912672921615488]] [[0.009]] [[1]]
268 2475784 0 10000 2605784 0.0005413794910182094 7.94437732300139 [[0.6761983583536902]] [[0.0104]] [[1]]
238 2468767 0 10000 2598767 0.19099542815413748 8.248852770997473 [[0.602172990450257]] [[0.207]] [[1]]
234 2402933 0 10000 2532933 0.001058345774112218 7.451726377999876 [[1.7651497372167273]] [[0.009]] [[1]]
263 2485879 0 10000 2615879 0.004958422507764401 8.731046240998694 [[1.3057653995724445]] [[0.009]] [[17]]
267 2486033 0 10000 2616033 0.020054122728954942 7.751586228001543 [[0.9669993821803324]] [[0.041]] [[3]]
273 2531135 0 10000 2661135 0.0387454686016277 8.31715557699863 [[0.6133963655459299]] [[0.08]] [[2]]
231 2421378 0 10000 2551378 5.827972856239659 8.042303433001507 [[2.2530490065535935]] [[0.362]] [[6]]
255 2486984 0 10000 2616984 0.14285528059372382 8.830524639997748 [[0.7941984153258921]] [[0.135]] [[2]]
274 2534441 0 10000 2664441 0.06010737019614295 8.589691279001272 [[1.3923525134662507]] [[0.054]] [[4]]
275 2541034 0 10000 2671034 0.0006983721720254286 8.197547017000034 [[0.6988631614072768]] [[0.009]] [[3]]
237 2400032 0 10000 2530032 0.0005103946097102808 8.53089616500074 [[0.7640079184563572]] [[0.0095]] [[1]]
262 2476480 0 10000 2606480 0.08146417234052443 8.249051544000395 [[0.603862559925767]] [[0.135]] [[1]]
253 2464831 0 10000 2594831 0.0003600489716775002 10.084642051999253 [[0.6005035058365576]] [[0.009]] [[1]]
252 2407357 0 10000 2537357 0.000359748043653599 7.486667320001288 [[0.6000016065184864]] [[0.009]] [[1]]
249 2501750 0 10000 2631750 0.00570824505545301 8.576575121998758 [[0.9639435758983682]] [[0.02]] [[4]]
259 2414294 0 10000 2544294 0.31220650900596353 8.327984212999581 [[0.6248520105348427]] [[0.225]] [[2]]
268 2490561 0 10000 2620561 0.0003781462679661281 9.03918774900012 [[0.6306868717738393]] [[0.009]] [[1]]
276 2527040 0 10000 2657040 0.0007423780218252418 8.319618008001271 [[1.2381665824097248]] [[0.009]] [[1]]
271 2487851 0 10000 2617851 2.484076130754873 8.425842683001974 [[1.314949401212146]] [[0.4375]] [[2]]
282 2542714 0 10000 2672714 0.001013206605456568 8.678771541999595 [[1.6898648977628743]] [[0.009]] [[1]]
278 2537542 0 10000 2667542 0.0003894148416003766 8.509473022997554 [[0.6494810317505125]] [[0.009]] [[1]]
252 2472123 0 10000 2602123 0.0010173659991668195 7.632039067000733 [[1.696802094371223]] [[0.009]] [[1]]
270 2520889 0 10000 2650889 2.8933564818037034 8.966943450999679 [[1.258979031648936]] [[0.394]] [[4]]
264 2464145 0 10000 2594145 0.04779967505771821 9.877618988000904 [[1.351316867903778]] [[0.032]] [[12]]

