0 0 351 26 689 2.658562060093849 0.016890047998458613 [[1.2230423413739522]] [[0.283]] [[9]]
0 0 832 63 1651 2.6585626238375424 0.03742714400141267 [[1.2230426007180606]] [[0.283]] [[9]]
0 0 130000 10000 260000 2.859301015529199 5.456084458000987 [[0.915603855043749]] [[0.263]] [[16]]
0 0 130000 10000 260000 2.938118187334225 5.271981703997881 [[2.1737195711742943]] [[0.331]] [[3]]
0 0 130000 10000 260000 2.859301015529199 5.260514757999772 [[0.915603855043749]] [[0.263]] [[16]]
0 0 130000 10000 260000 2.859301015529199 5.672956591999537 [[0.915603855043749]] [[0.263]] [[16]]
0 0 130000 10000 260000 2.909619184984757 5.475582612001745 [[0.8972868428923807]] [[0.263]] [[17]]
0 0 130000 10000 260000 2.938118187334225 5.865252267998585 [[2.1737195711742943]] [[0.331]] [[3]]
0 0 130000 10000 260000 2.800157076097795 5.589203633000579 [[1.1808331120574045]] [[0.283]] [[10]]
0 0 130000 10000 260000 2.859301015529199 5.82716676400014 [[0.915603855043749]] [[0.263]] [[16]]
0 0 130000 10000 260000 2.938118187334225 5.857959568998922 [[2.1737195711742943]] [[0.331]] [[3]]
0 0 130000 10000 260000 2.9032238167631403 6.107218099001329 [[1.5605368412029144]] [[0.307]] [[6]]
0 0 130000 10000 260000 3.2033490374277944 5.965939661000448 [[1.9749552979115288]] [[0.331]] [[4]]
0 0 130000 10000 260000 2.859301015529199 6.829610147000494 [[0.915603855043749]] [[0.263]] [[16]]
0 0 130000 10000 260000 2.6994937087460986 6.4226281240007665 [[1.6583178468294406]] [[0.307]] [[5]]
0 0 130000 10000 260000 3.2033490374277944 5.987614786998165 [[1.9749552979115288]] [[0.331]] [[4]]
0 0 130000 10000 260000 2.938118187334225 6.622422762997303 [[2.1737195711742943]] [[0.331]] [[3]]
0 0 130000 10000 260000 2.909619184984757 6.889269114999479 [[0.8972868428923807]] [[0.263]] [[17]]
0 0 130000 10000 260000 2.938118187334225 6.030495588998747 [[2.1737195711742943]] [[0.331]] [[3]]
0 0 130000 10000 260000 2.6994937087460986 6.723834199998237 [[1.6583178468294408]] [[0.307]] [[5]]
0 0 130000 10000 260000 2.6994937087460986 6.387079117997928 [[1.6583178468294408]] [[0.307]] [[5]]
0 0 130000 10000 260000 2.6994937087460986 6.035112732999551 [[1.6583178468294406]] [[0.307]] [[5]]
0 0 130000 10000 260000 2.859301015529199 6.09518989299977 [[0.915603855043749]] [[0.263]] [[16]]
0 0 130000 10000 260000 2.859301015529199 6.159648898999876 [[0.915603855043749]] [[0.263]] [[16]]
0 0 130000 10000 260000 2.6994937087460986 5.42623639500016 [[1.6583178468294406]] [[0.307]] [[5]]
0 0 130000 10000 260000 3.004955316404671 5.952679684000032 [[0.8803528443391024]] [[0.263]] [[18]]
0 0 130000 10000 260000 2.6994937087460986 5.963068361998012 [[1.6583178468294408]] [[0.307]] [[5]]
0 0 130000 10000 260000 2.859301015529199 5.590077722998103 [[0.915603855043749]] [[0.263]] [[16]]
0 0 130000 10000 260000 2.909619184984757 6.042725501996756 [[0.8972868428923808]] [[0.263]] [[17]]
0 0 130000 10000 260000 2.800157076097795 5.576021416000003 [[1.1808331120574045]] [[0.283]] [[10]]
0 0 130000 10000 260000 3.6262543050101783 6.42125523499999 [[2.8037634563334013]] [[0.362]] [[2]]
0 0 130000 10000 260000 3.102540388995962 6.5761623100006545 [[1.4823761855945654]] [[0.307]] [[7]]
0 0 130000 10000 260000 2.909619184984757 6.361430650998955 [[0.8972868428923807]] [[0.263]] [[17]]
0 0 559 42 1105 2.6585598689608254 0.02758931900098105 [[1.2230413333672168]] [[0.283]] [[9]]
0 0 286 21 559 2.658559635778562 0.015337704997364199 [[1.223041226094272]] [[0.283]] [[9]]
0 0 572 43 1131 2.658559354831043 0.030666661998111522 [[1.2230410968474446]] [[0.283]] [[9]]
0 0 130000 10000 260000 2.6994937087460986 5.9893533820031735 [[1.6583178468294406]] [[0.307]] [[5]]
0 0 130000 10000 260000 2.800157076097795 5.729799602002458 [[1.1808331120574045]] [[0.283]] [[10]]
0 0 130000 10000 260000 2.859301015529199 5.557951935999881 [[0.915603855043749]] [[0.263]] [[16]]
0 0 130000 10000 260000 2.9032238167631403 5.5430272560006415 [[1.5605368412029144]] [[0.307]] [[6]]
0 0 130000 10000 260000 3.6262543050101783 5.78436155700183 [[2.8037634563334013]] [[0.362]] [[2]]
0 0 130000 10000 260000 2.859301015529199 5.5655279669990705 [[0.915603855043749]] [[0.263]] [[16]]
0 0 455 34 897 2.658561633865805 0.02507943700038595 [[1.2230421452924116]] [[0.283]] [[9]]
0 0 286 21 559 2.6585593402201075 0.015953191999869887 [[1.223041090125518]] [[0.283]] [[9]]
0 0 1378 105 2743 2.6585605523941362 0.07551963299920317 [[1.2230416477732218]] [[0.283]] [[9]]
0 0 351 26 689 2.6585593395256177 0.01879163699777564 [[1.2230410898063515]] [[0.283]] [[9]]
0 0 130000 10000 260000 2.6994937087460986 6.574313984001492 [[1.6583178468294408]] [[0.307]] [[5]]
0 0 130000 10000 260000 2.9032238167631403 5.764437675999943 [[1.5605368412029144]] [[0.307]] [[6]]
0 0 130000 10000 260000 2.909619184984757 5.764443128999119 [[0.8972868428923807]] [[0.263]] [[17]]
0 0 130000 10000 260000 2.938118187334225 5.365525879999041 [[2.1737195711742943]] [[0.331]] [[3]]

0 0 130000 10000 260000 3.2070910480055526 5.658077386000514 [[1.0819505334737378]] [[0.283]] [[13]]
0 0 650 49 1287 2.6585613975057254 0.030511110999213997 [[1.2230420365575472]] [[0.283]] [[9]]
0 0 130000 10000 260000 2.800157076097795 5.540679731002456 [[1.1808331120574043]] [[0.283]] [[10]]
0 0 0 10000 130000 2.800157076097795 5.575956437001878 [[1.1808331120574043]] [[0.283]] [[10]]
0 0 0 44 572 2.658561935597898 0.02693305599677842 [[1.2230422841009543]] [[0.283]] [[9]]
0 0 0 10000 130000 3.004955316404671 5.945156495999981 [[0.8803528443391024]] [[0.263]] [[18]]
0 0 0 10000 130000 2.909619184984757 5.338711770997179 [[0.8972868428923808]] [[0.263]] [[17]]
0 0 0 10000 130000 3.191377705123257 5.597247048001009 [[0.8499713259167757]] [[0.263]] [[20]]
0 0 0 10000 130000 2.800157076097795 6.5027987729990855 [[1.1808331120574045]] [[0.283]] [[10]]
0 0 0 10000 130000 2.6994937087460986 6.134730101999594 [[1.6583178468294406]] [[0.307]] [[5]]
0 0 0 10000 130000 2.859301015529199 5.714458939000906 [[0.915603855043749]] [[0.263]] [[16]]
0 0 0 10000 130000 3.0988480795920665 5.806474089000403 [[0.8646288844012933]] [[0.263]] [[19]]
0 0 0 10000 130000 3.2070910480055526 5.566461975002312 [[1.0819505334737378]] [[0.283]] [[13]]
0 0 0 10000 130000 2.6994937087460986 5.972827446999872 [[1.6583178468294408]] [[0.307]] [[5]]
0 0 0 69 897 2.658560779394192 0.06506622999950196 [[1.2230417522021098]] [[0.283]] [[9]]
0 0 0 43 559 2.6585602602728216 0.03902197900242754 [[1.2230415133860124]] [[0.283]] [[9]]
0 0 0 10000 130000 2.9664865378366714 6.263300619000802 [[0.9355144939412324]] [[0.263]] [[15]]
0 0 0 751 9763 2.658562237490444 0.4112115760035522 [[1.223042422983312]] [[0.283]] [[9]]
0 0 0 103 1339 2.658561895979923 0.05879968400040525 [[1.2230422658751392]] [[0.283]] [[9]]
0 0 0 10000 130000 2.938118187334225 5.29453423599989 [[2.1737195711742943]] [[0.331]] [[3]]
