512 0 0 10000 130000 2.909619314150537 6.3749238460000015 [[0.8972868827253444]] [[0.263]] [[17]]
57 0 0 1214 15782 24.15199672350427 0.7624529580000399 [[1.1636855211238748]] [[0.5]] [[20]]
87 0 0 1727 22451 24.166830624234347 1.1096377369999573 [[0.8514498672678701]] [[0.207]] [[15]]
486 0 0 10000 130000 4.733900950209529 6.24981922500001 [[2.0915306419253596]] [[0.362]] [[5]]
490 0 0 10000 130000 3.13701368661224 6.151982825999994 [[1.1339026041734497]] [[0.283]] [[12]]
491 0 0 9726 126438 24.152039271602945 5.955975555999885 [[2.924267670530282]] [[0.331]] [[7]]
19 0 0 289 3757 24.13134628090269 0.1739836369999921 [[2.3011920640604107]] [[0.5]] [[15]]
484 0 0 10000 130000 3.7817470356926566 6.118874500999937 [[1.7486655191732559]] [[0.331]] [[6]]
389 0 0 7612 98956 24.152653484568326 4.5817863930001295 [[1.9736581858447855]] [[0.041]] [[25]]
520 0 0 10000 130000 5.3219410549115285 6.320871333000014 [[2.351338337650551]] [[0.362]] [[5]]
491 0 0 10000 130000 6.292430729602497 6.60877939299985 [[1.9460838482059284]] [[0.362]] [[8]]
398 0 0 8508 110604 24.1479472184116 5.424915124000108 [[0.7837487047575953]] [[0.207]] [[21]]
500 0 0 10000 130000 28.39361708632785 6.423045673999923 [[2.301499912859235]] [[0.5]] [[18]]
503 0 0 10000 130000 11.595905342356868 7.963336966000043 [[1.2953909994384283]] [[0.0118]] [[64]]
450 0 0 10000 130000 273.84120780724544 7.011368121000032 [[1.64480399287018]] [[0.394]] [[27]]
509 0 0 10000 130000 3.22777815608422 6.724133918000007 [[0.9812204397609964]] [[0.263]] [[13]]
484 0 0 10000 130000 4.229939993796403 7.498680149999927 [[0.9126968984427457]] [[0.263]] [[25]]
491 0 0 10000 130000 2.957467389241904 7.834345029999895 [[2.1880347675658616]] [[0.331]] [[3]]
507 0 0 10000 130000 10.062236717859246 6.157392169000104 [[1.8764383341546158]] [[0.394]] [[12]]
484 0 0 10000 130000 2.805225010606525 6.301338870000109 [[1.1829702724791284]] [[0.283]] [[10]]
478 0 0 10000 130000 1282.471745691709 7.011770222999985 [[0.8808041756852834]] [[0.225]] [[38]]
494 0 0 10000 130000 3.1025405825663195 8.278941768999857 [[1.4823762780813834]] [[0.307]] [[7]]
480 0 0 10000 130000 2.699493708878424 7.514855965999914 [[1.6583178469107294]] [[0.307]] [[5]]
491 0 0 10000 130000 2.909619186402456 6.278778072000023 [[0.8972868433295799]] [[0.263]] [[17]]
497 0 0 10000 130000 3.2033541541133093 6.480227654999908 [[1.9749584524928891]] [[0.331]] [[4]]
491 0 0 10000 130000 9.573812859519254 6.544413225999961 [[1.0552198522696445]] [[0.244]] [[12]]
501 0 0 10000 130000 2.6750431837969884 8.97192628300013 [[1.2306243017219645]] [[0.283]] [[9]]
487 0 0 10000 130000 10.520226515270323 6.700019025000074 [[1.4789228360671303]] [[0.362]] [[20]]
483 0 0 10000 130000 3.0926043751934227 6.680645030000051 [[1.1178504479197968]] [[0.283]] [[12]]
461 0 0 10000 130000 2.672162962235414 6.71593140799996 [[1.2292992873560336]] [[0.283]] [[9]]
499 0 0 10000 130000 3.35826693421271 6.672218231999977 [[1.1329515272970712]] [[0.283]] [[13]]
510 0 0 10000 130000 4.274828420630411 6.973693302000129 [[0.9832939841839107]] [[0.283]] [[20]]
494 0 0 10000 130000 3.592308926520259 6.430945007999981 [[0.8770234075090682]] [[0.263]] [[22]]
483 0 0 10000 130000 9.111522031995115 7.415906232999987 [[1.408977438211568]] [[0.362]] [[18]]
496 0 0 10000 130000 2.893141754486395 6.2025065899999845 [[0.9180783196552472]] [[0.263]] [[16]]
518 0 0 10000 130000 5.454891013944253 6.432999822000056 [[1.4660527278082096]] [[0.307]] [[14]]
471 0 0 10000 130000 703.0737272576322 7.117317762000084 [[2.4285763115410393]] [[0.244]] [[5]]
501 0 0 10000 130000 2.9034568280447037 6.787923178000028 [[1.560662089103953]] [[0.307]] [[6]]
490 0 0 10000 130000 2.699493711623165 8.554992123000147 [[1.658317848596843]] [[0.307]] [[5]]
517 0 0 10000 130000 4.692933881783189 6.775926706000064 [[2.073430584525606]] [[0.362]] [[5]]
482 0 0 10000 130000 55.391037096373495 7.193231038000022 [[2.0934298654001915]] [[0.263]] [[7]]
503 0 0 10000 130000 3.306387926997929 6.841657562999899 [[1.4217960438589936]] [[0.307]] [[8]]
510 0 0 10000 130000 222451.24657973764 7.477336651000087 [[2.080602224261164]] [[0.5]] [[44]]
475 0 0 10000 130000 2.659328144429296 6.506779087000041 [[1.2233947700771897]] [[0.283]] [[9]]
488 0 0 10000 130000 3.2971924723096246 7.601034882000022 [[1.4178418614139872]] [[0.307]] [[8]]
477 0 0 10000 130000 2.9039061948552827 6.564368650000006 [[1.5609036321290115]] [[0.307]] [[6]]
499 0 0 10000 130000 19.104101938070947 7.439138114000116 [[2.247285517106768]] [[0.4375]] [[16]]
486 0 0 10000 130000 38.07773963036877 6.548596182999972 [[1.4426569873897053]] [[0.244]] [[13]]
469 0 0 10000 130000 3.701993282096976 7.779939128000024 [[1.3265935312418824]] [[0.307]] [[10]]
490 0 0 10000 130000 2.884697776425929 7.034233444999927 [[0.9174631139626473]] [[0.263]] [[16]]
499 0 0 10000 130000 8.392156234150187 7.601832993000016 [[2.434438755487762]] [[0.394]] [[7]]
482 0 0 10000 130000 3.0988778146072993 6.84471448499994 [[0.864637180952911]] [[0.263]] [[19]]
476 0 0 10000 130000 4.099891843446774 8.018529898999986 [[1.0068812340529258]] [[0.263]] [[15]]
483 0 0 10000 130000 7.3581354906704295 6.320931596000037 [[1.9442137186861896]] [[0.331]] [[12]]
491 0 0 10000 130000 3.191557446227602 7.352758844000164 [[0.8500191970241461]] [[0.263]] [[20]]
486 0 0 10000 130000 7.806343658725323 6.648087986000064 [[2.062642153479816]] [[0.331]] [[12]]
499 0 0 10000 130000 5.542408272944882 7.594376551999858 [[2.050230890349159]] [[0.331]] [[8]]
521 0 0 10000 130000 6.619513509637493 6.868789436000043 [[1.7060349804465582]] [[0.362]] [[10]]
480 0 0 10000 130000 2.6995107355801222 7.818430783000167 [[1.6583283065325494]] [[0.307]] [[5]]
487 0 0 10000 130000 2.661641746006209 7.197731492000003 [[1.2244591171285932]] [[0.283]] [[9]]
461 0 0 10000 130000 3.203358088174422 7.334110403000068 [[1.9749608779528525]] [[0.331]] [[4]]
476 0 0 10000 130000 5.8190354083434075 6.895872162999922 [[1.8120907045627286]] [[0.148]] [[71]]
482 0 0 10000 130000 3.1050047228925233 6.404927899000086 [[1.4835536303409973]] [[0.307]] [[7]]
482 0 0 10000 130000 3.0055042800221083 7.269131517999995 [[0.8805136725815096]] [[0.263]] [[18]]
516 0 0 10000 130000 3.0050150659034265 6.531125540999938 [[0.8803703489724958]] [[0.263]] [[18]]
459 0 0 10000 130000 7.062086327043164 7.415969825000047 [[1.680090881137711]] [[0.362]] [[11]]
499 0 0 10000 130000 4.795321381748134 6.378816928000106 [[2.9661343569740337]] [[0.362]] [[3]]
476 0 0 10000 130000 4.089438824504671 7.601255734000006 [[1.8909410380141827]] [[0.331]] [[6]]
494 0 0 10000 130000 3.6277405813652406 6.770805493999887 [[2.277633798510381]] [[0.331]] [[3]]
508 0 0 10000 130000 7.689327510115864 7.569801514000119 [[1.1401811485255373]] [[0.307]] [[27]]
479 0 0 10000 130000 3.207094894880494 6.830832014999942 [[1.0819518312630219]] [[0.283]] [[13]]
473 0 0 10000 130000 4.953984298567367 7.4948574760001065 [[1.4096637500188574]] [[0.331]] [[11]]
488 0 0 10000 130000 2.9097485699399885 6.5145087930000045 [[0.8973267434465828]] [[0.263]] [[17]]
482 0 0 10000 130000 3.354415255168055 7.473442883999951 [[1.4424485101445823]] [[0.307]] [[8]]
507 0 0 10000 130000 3.037662675913419 6.872441540999944 [[0.8899350224224686]] [[0.263]] [[18]]
482 0 0 10000 130000 2.699737334332852 6.477496171999974 [[1.658467507729612]] [[0.307]] [[5]]
494 0 0 10000 130000 3.1026076032909238 7.225861944999906 [[1.4824083002031414]] [[0.307]] [[7]]

