0 0 0 10000 130000 2.9032238167631403 6.269390141000258 [[1.5605368412029144]] [[0.307]] [[6]]
0 0 0 10000 130000 2.6585591659695993 5.455782499000179 [[1.2230410099638072]] [[0.283]] [[9]]
0 0 0 10000 130000 2.859301015529199 5.647958796000239 [[0.915603855043749]] [[0.263]] [[16]]
0 0 0 10000 130000 3.2033490374277944 5.437710633999814 [[1.974955297911529]] [[0.331]] [[4]]
0 0 0 10000 130000 2.6585591659695993 5.552804896999987 [[1.2230410099638072]] [[0.283]] [[9]]
0 0 0 10000 130000 3.2033490374277944 6.208010997000201 [[1.974955297911529]] [[0.331]] [[4]]
0 0 0 10000 130000 2.859301015529199 5.78253322799992 [[0.915603855043749]] [[0.263]] [[16]]
0 0 0 10000 130000 2.6994937087460986 7.2560720440001205 [[1.6583178468294406]] [[0.307]] [[5]]
0 0 0 10000 130000 2.6585591659695993 6.122671867999998 [[1.2230410099638072]] [[0.283]] [[9]]
0 0 0 10000 130000 3.2971923644006407 6.671139525000399 [[1.4178418150115173]] [[0.307]] [[8]]
0 0 0 10000 130000 2.938118187334225 5.847543125999891 [[2.1737195711742943]] [[0.331]] [[3]]
0 0 0 10000 130000 2.6585591659695993 6.178293555999971 [[1.2230410099638072]] [[0.283]] [[9]]
0 0 0 10000 130000 2.6585591659695993 6.386303806000342 [[1.2230410099638072]] [[0.283]] [[9]]
0 0 0 10000 130000 3.2033490374277944 5.766420888000084 [[1.974955297911529]] [[0.331]] [[4]]
0 0 0 10000 130000 2.859301015529199 6.043737418000092 [[0.915603855043749]] [[0.263]] [[16]]
0 0 0 10000 130000 2.6585591659695993 5.958575800999824 [[1.2230410099638072]] [[0.283]] [[9]]
0 0 0 10000 130000 2.6994937087460986 6.337721449999663 [[1.6583178468294406]] [[0.307]] [[5]]
0 0 0 10000 130000 2.6994937087460986 6.754850484000144 [[1.6583178468294406]] [[0.307]] [[5]]
0 0 0 10000 130000 2.859301015529199 5.403878800000257 [[0.915603855043749]] [[0.263]] [[16]]
0 0 0 10000 130000 2.859301015529199 6.510896488000071 [[0.915603855043749]] [[0.263]] [[16]]
0 0 0 10000 130000 2.800157076097795 5.874608786999943 [[1.1808331120574045]] [[0.283]] [[10]]
0 0 0 10000 130000 2.909619184984757 5.560249692999605 [[0.8972868428923807]] [[0.263]] [[17]]
0 0 0 10000 130000 2.6994937087460986 6.838160930999948 [[1.6583178468294408]] [[0.307]] [[5]]
0 0 0 10000 130000 2.6585591659695993 6.121848028999921 [[1.2230410099638072]] [[0.283]] [[9]]
0 0 0 10000 130000 2.938118187334225 6.776771478000228 [[2.1737195711742943]] [[0.331]] [[3]]
0 0 0 10000 130000 2.6994937087460986 5.898269067000001 [[1.6583178468294406]] [[0.307]] [[5]]
0 0 0 10000 130000 2.859301015529199 6.570128720999492 [[0.915603855043749]] [[0.263]] [[16]]
0 0 0 10000 130000 3.102540388995962 6.239885187999789 [[1.4823761855945654]] [[0.307]] [[7]]
0 0 0 10000 130000 2.6994937087460986 6.458587451999847 [[1.6583178468294408]] [[0.307]] [[5]]
0 0 0 10000 130000 2.800157076097795 5.884814359000302 [[1.1808331120574045]] [[0.283]] [[10]]
0 0 0 10000 130000 2.9032238167631403 6.747020318000068 [[1.5605368412029144]] [[0.307]] [[6]]
0 0 0 10000 130000 2.9032238167631403 5.875365817000784 [[1.5605368412029144]] [[0.307]] [[6]]
0 0 0 10000 130000 3.2033490374277944 5.992327828999805 [[1.974955297911529]] [[0.331]] [[4]]
0 0 0 10000 130000 2.909619184984757 6.151306313000532 [[0.8972868428923808]] [[0.263]] [[17]]
0 0 0 10000 130000 2.938118187334225 5.890386787000352 [[2.1737195711742943]] [[0.331]] [[3]]
0 0 0 10000 130000 2.859301015529199 6.879930279999826 [[0.915603855043749]] [[0.263]] [[16]]
0 0 0 10000 130000 2.6994937087460986 5.423688668000068 [[1.6583178468294408]] [[0.307]] [[5]]
0 0 0 10000 130000 2.6585591659695993 5.6026425360005305 [[1.2230410099638072]] [[0.283]] [[9]]
0 0 0 10000 130000 2.909619184984757 6.3647492879999845 [[0.8972868428923807]] [[0.263]] [[17]]
0 0 0 10000 130000 2.859301015529199 5.805335969000225 [[0.915603855043749]] [[0.263]] [[16]]
0 0 0 10000 130000 2.859301015529199 6.520237226999598 [[0.915603855043749]] [[0.263]] [[16]]
0 0 0 10000 130000 2.909619184984757 5.509292861000176 [[0.8972868428923808]] [[0.263]] [[17]]
0 0 0 10000 130000 2.800157076097795 5.531147786000474 [[1.1808331120574043]] [[0.283]] [[10]]
0 0 0 10000 130000 2.938118187334225 6.669315414999801 [[2.1737195711742943]] [[0.331]] [[3]]
0 0 0 10000 130000 2.909619184984757 5.536151993999738 [[0.8972868428923808]] [[0.263]] [[17]]
0 0 0 10000 130000 3.102540388995962 6.135415628999908 [[1.4823761855945654]] [[0.307]] [[7]]
0 0 0 10000 130000 2.9032238167631403 7.570004990000598 [[1.5605368412029144]] [[0.307]] [[6]]
0 0 0 10000 130000 2.859301015529199 6.966773885999828 [[0.915603855043749]] [[0.263]] [[16]]
0 0 0 10000 130000 3.6262543050101783 6.975209317000008 [[2.8037634563334013]] [[0.362]] [[2]]
0 0 0 10000 130000 2.6585591659695993 6.314014549000603 [[1.2230410099638072]] [[0.283]] [[9]]

