0 9396 131849 10000 271245 2.938118187334225 5.050683622997894 [[2.1737195711742943]] [[0.331]] [[3]]
0 5310 134427 10000 269737 2.909619184984757 5.07819744200242 [[0.8972868428923808]] [[0.263]] [[17]]
0 3053 1155 15 4403 2.658562025373676 0.028313694001553813 [[1.2230423254013174]] [[0.283]] [[9]]
0 8748 144969 10000 283717 2.6994937087460986 5.33552795200012 [[1.6583178468294406]] [[0.307]] [[5]]
0 11529 132289 10000 273818 2.800157076097795 5.107275860998925 [[1.1808331120574045]] [[0.283]] [[10]]
0 7861 161611 10000 299472 2.909619184984757 6.155192660000466 [[0.8972868428923807]] [[0.263]] [[17]]
0 3604 135370 10000 268974 2.800157076097795 5.436545456999738 [[1.1808331120574045]] [[0.283]] [[10]]
0 4566 1281 19 6094 2.658560221857009 0.03326362399820937 [[1.2230414957132385]] [[0.283]] [[9]]
0 7487 131410 10000 268897 2.938118187334225 5.223577353997825 [[2.1737195711742943]] [[0.331]] [[3]]
0 10198 154872 10000 295070 2.6994937087460986 5.899471786000504 [[1.6583178468294406]] [[0.307]] [[5]]
0 5391 343481 10000 478872 2.662995764702006 9.182696127998497 [[1.4532337241165623]] [[0.331]] [[22]]
0 5957 165008 10000 300965 2.800157076097795 6.468657842000539 [[1.1808331120574043]] [[0.283]] [[10]]
0 10007 161081 10000 301088 2.800157076097795 6.064861067003221 [[1.1808331120574043]] [[0.283]] [[10]]
0 8950 171108 10000 310058 2.800157076097795 6.326587376999669 [[1.1808331120574043]] [[0.283]] [[10]]
0 9299 140851 10000 280150 2.6994937087460986 5.288384528001188 [[1.6583178468294406]] [[0.307]] [[5]]
0 6984 131717 10000 268701 2.6994937087460986 6.1553456370020285 [[1.6583178468294408]] [[0.307]] [[5]]
0 9119 2100 26 11557 2.6585603004351817 0.06361123199894791 [[1.2230415318622658]] [[0.283]] [[9]]
0 7558 162233 10000 299791 2.909619184984757 6.157635169001878 [[0.8972868428923807]] [[0.263]] [[17]]
0 4149 130967 10000 265116 2.938118187334225 6.676128090999555 [[2.1737195711742943]] [[0.331]] [[3]]
0 10830 132768 10000 273598 2.938118187334225 5.5927184719985235 [[2.1737195711742943]] [[0.331]] [[3]]
0 9675 145110 10000 284785 2.6994937087460986 5.821701926000969 [[1.6583178468294406]] [[0.307]] [[5]]
0 10902 136511 10000 277413 2.909619184984757 6.136349083000823 [[0.8972868428923808]] [[0.263]] [[17]]
0 8409 130893 10000 269302 2.9032238167631403 5.349284156000067 [[1.5605368412029144]] [[0.307]] [[6]]
0 14692 132326 10000 277018 2.6994937087460986 5.310785738001869 [[1.6583178468294408]] [[0.307]] [[5]]
0 8383 131481 10000 269864 2.938118187334225 6.116322079000383 [[2.1737195711742943]] [[0.331]] [[3]]
0 6958 131062 10000 268020 2.9032238167631403 5.321806658997957 [[1.5605368412029144]] [[0.307]] [[6]]
0 5096 1471 32 6983 2.658561655951058 0.04004068100039149 [[1.2230421554524902]] [[0.283]] [[9]]
0 7912 132071 10000 269983 2.938118187334225 6.104523442001664 [[2.1737195711742943]] [[0.331]] [[3]]
0 10059 135653 10000 275712 2.909619184984757 6.629188307997538 [[0.8972868428923808]] [[0.263]] [[17]]
0 3977 983 23 5259 2.658562218585007 0.0305082790000597 [[1.2230424142860725]] [[0.283]] [[9]]
0 14940 132461 10000 277401 2.9032238167631403 5.268745518998912 [[1.5605368412029144]] [[0.307]] [[6]]
0 4425 130994 10000 265419 2.6994937087460986 6.001111924000725 [[1.6583178468294406]] [[0.307]] [[5]]
0 8966 142142 10000 281108 2.909619184984757 5.633182837998902 [[0.8972868428923807]] [[0.263]] [[17]]
0 7305 1651 33 9385 2.6585595414368406 0.046398083002713975 [[1.2230411826933967]] [[0.283]] [[9]]
0 11025 155251 10000 296276 2.800157076097795 5.930447719001677 [[1.1808331120574043]] [[0.283]] [[10]]
0 6398 130928 10000 267326 2.9032238167631403 5.826106726002763 [[1.5605368412029144]] [[0.307]] [[6]]
0 7715 131677 10000 269392 2.6994937087460986 5.316796658000385 [[1.6583178468294408]] [[0.307]] [[5]]
0 4609 164425 10000 299034 2.800157076097795 6.772145689003082 [[1.1808331120574043]] [[0.283]] [[10]]
0 8626 1686 29 10689 2.6585622503975848 0.050815047001378844 [[1.2230424289211006]] [[0.283]] [[9]]
0 5152 1348 22 6786 2.6585620272152277 0.03850746600073762 [[1.2230423262485028]] [[0.283]] [[9]]
0 3930 229043 10000 362973 2.6733199258507554 7.293513351000001 [[2.2607508127858393]] [[0.394]] [[11]]
0 8028 133664 10000 271692 3.004955316404671 5.91897010500179 [[0.8803528443391024]] [[0.263]] [[18]]
0 10473 22663 659 41703 2.6585595229929124 0.8697832969992305 [[1.2230411742084697]] [[0.283]] [[9]]
0 9995 131251 10000 271246 2.9032238167631403 5.264594656000554 [[1.5605368412029144]] [[0.307]] [[6]]
0 8371 133158 10000 271529 2.800157076097795 5.265746247998322 [[1.1808331120574045]] [[0.283]] [[10]]
0 10813 132215 10000 273028 2.6994937087460986 6.31202275099713 [[1.6583178468294408]] [[0.307]] [[5]]
0 5898 2750 53 9337 2.6585597944353183 0.06968563099871972 [[1.2230412990825739]] [[0.283]] [[9]]
0 9878 130973 10000 270851 3.2033490374277944 5.705940152998664 [[1.974955297911529]] [[0.331]] [[4]]
0 8002 136267 10000 274269 2.6994937087460986 5.951157501000125 [[1.6583178468294406]] [[0.307]] [[5]]
0 7093 131542 10000 268635 2.6994937087460986 5.960520877000818 [[1.6583178468294408]] [[0.307]] [[5]]

